'Blocking-Saturday-65-STAT-FAL23-0000010',100001400,71100,4,'',1,10000,4,'',1,10000,4,'',1,10000,4,'',1,10000,4,'',1,10000,4,'',1,10000,4,'',1,10000,4,'',1,10000,4,'',1,10000,4,'',1,10000,4,'',1,10000,4,'',1,9700,4,'',1,10000,4,'',1,10000,4,'',1,10000,4,'',1,10000,4,'',1
'Blocking-Saturday-65-STAT-FAL23-0000010',100001401,61400,,'',1,10000,,'',1,10000,,'',1,10000,,'',1,10000,,'',1,10000,,'',1,10000,,'',1,10000,,'',1,10000,,'',1,10000,,'',1,10000,,'',1,10000,,'',1,10000,,'',1,10000,,'',1,10000,,'',1,10000,,'',1,10000,,'',1,10000,,'',1
'Blocking-Saturday-86-STAT-SUM23-0000010',100001400,71100,4,'',1,10000,4,'',1,10000,4,'',1,10000,4,'',1,10000,4,'',1,10000,4,'',1,10000,4,'',1,10000,4,'',1,10000,4,'',1,10000,4,'',1,10000,4,'',1,10000,4,'',1,9700,4,'',1,10000,4,'',1,10000,4,'',1,10000,4,'',1,10000,4,'',1
'Blocking-Saturday-86-STAT-SUM23-0000010',100001401,61400,,'',1,10000,,'',1,10000,,'',1,10000,,'',1,10000,,'',1,10000,,'',1,10000,,'',1,10000,,'',1,10000,,'',1,10000,,'',1,10000,,'',1,10000,,'',1,10000,,'',1,10000,,'',1,10000,,'',1,10000,,'',1,10000,,'',1,10000,,'',1
'Blocking-Sunday-75-STAT-FAL23-0000001',100001400,70900,4,'',1,10000,4,'',1,10000,4,'',1,10000,4,'',1,10000,4,'',1,10000,4,'',1,10000,4,'',1,10000,4,'',1,10000,4,'',1,10000,4,'',1,10000,4,'',1,10000,4,'',1
'Blocking-Sunday-75-STAT-FAL23-0000001',100001401,62000,,'',1,10000,,'',1,10000,,'',1,10000,,'',1,10000,,'',1,10000,,'',1,10000,,'',1,10000,,'',1,10000,,'',1,10000,,'',1,10000,,'',1,10000,,'',1,10000,,'',1
'Blocking-Weekday-60-STAT-FAL23-1111100',100001400,61800,4,'',1,2000,4,'',1,2000,4,'',1,7100,4,'',1,2000,4,'',1,6000,4,'',1,4000,4,'',1,5700,4,'',1,11100,4,'',1,10000,4,'',1,10000,4,'',1,10000,4,'',1,10000,4,'',1,9200,4,'',1,1900,4,'',1,2100,4,'',1,6000,4,'',1,2000,4,'',1,2000,4,'',1,6000,4,'',1,2000,4,'',1,2000,4,'',1,6000,4,'',1,2000,4,'',1,2000,4,'',1,6100,4,'',1,1500,4,'',1,3300,4,'',1,6700,4,'',1,10000,4,'',1,10000,4,'',1,10000,4,'',1
'Blocking-Weekday-60-STAT-FAL23-1111100',100001401,52800,,'',1,2000,,'',1,6000,,'',1,2000,,'',1,2000,,'',1,6000,,'',1,2100,,'',1,2000,,'',1,6000,,'',1,4000,,'',1,7000,,'',1,10000,,'',1,10000,,'',1,10000,,'',1,10000,,'',1,10000,,'',1,9000,,'',1,2400,,'',1,1600,,'',1,6000,,'',1,2000,,'',1,2000,,'',1,6000,,'',1,2000,,'',1,2000,,'',1,6000,,'',1,2000,,'',1,2000,,'',1,6100,,'',1,1900,,'',1,2900,,'',1,7100,,'',1,10000,,'',1,10000,,'',1,10000,,'',1
'Blocking-Weekday-85-STAT-SUM23-1111100',100001400,61800,4,'',1,2000,4,'',1,2000,4,'',1,7100,4,'',1,2000,4,'',1,6000,4,'',1,4000,4,'',1,5700,4,'',1,11100,4,'',1,10000,4,'',1,10000,4,'',1,10000,4,'',1,10000,4,'',1,9200,4,'',1,1900,4,'',1,2100,4,'',1,6000,4,'',1,2000,4,'',1,2000,4,'',1,6000,4,'',1,2000,4,'',1,2000,4,'',1,6000,4,'',1,2000,4,'',1,2000,4,'',1,6100,4,'',1,1500,4,'',1,3300,4,'',1,6700,4,'',1,10000,4,'',1,10000,4,'',1,10000,4,'',1
'Blocking-Weekday-85-STAT-SUM23-1111100',100001401,52800,,'',1,2000,,'',1,6000,,'',1,2000,,'',1,2000,,'',1,6000,,'',1,2100,,'',1,2000,,'',1,6000,,'',1,4000,,'',1,7000,,'',1,10000,,'',1,10000,,'',1,10000,,'',1,10000,,'',1,10000,,'',1,9000,,'',1,2400,,'',1,1600,,'',1,6000,,'',1,2000,,'',1,2000,,'',1,6000,,'',1,2000,,'',1,2000,,'',1,6000,,'',1,2000,,'',1,2000,,'',1,6100,,'',1,1900,,'',1,2900,,'',1,7100,,'',1,10000,,'',1,10000,,'',1,10000,,'',1
