'Blocking-Saturday-66-STAT-MDW23-0000010',20101,234300,4,'',1,10000,4,'',1
'Blocking-Sunday-74-STAT-MDW23-0000001',20101,184300,4,'',1,10000,4,'',1
'Blocking-Weekday-80-STAT-MDW23-1111100',20101,184300,4,'',1,51500,4,'',1,10000,4,'',1
'Blocking-Weekday-81-STAT-MDW23-1111100',20101,184300,4,'',1,51500,4,'',1,10000,4,'',1
'Blocking-Weekday-82-STAT-MDW23-1111100',20101,184300,4,'',1,51500,4,'',1,10000,4,'',1
'Blocking-Weekday-83-STAT-MDW23-1111100',20101,184300,4,'',1,51500,4,'',1,10000,4,'',1
'Blocking-Weekday-84-STAT-MDW23-1111100',20101,92000,4,'',1,142300,4,'',1,10000,4,'',1
'Blocking-Weekday-80-STAT-MDW23-1111100',20400,72000,,'',1,10000,,'',1
'Blocking-Weekday-81-STAT-MDW23-1111100',20400,72000,,'',1,10000,,'',1
'Blocking-Weekday-82-STAT-MDW23-1111100',20400,71800,,'',1,200,,'',1,8000,,'',1,1800,,'',1,200,,'',1,500,,'',1,1300,,'',1,8000,,'',1,200,,'',1,10000,,'',1
'Blocking-Weekday-83-STAT-MDW23-1111100',20400,71800,,'',1,200,,'',1,8000,,'',1,1800,,'',1,200,,'',1,500,,'',1,1300,,'',1,8000,,'',1,200,,'',1,10000,,'',1
'Blocking-Saturday-66-STAT-MDW23-0000010',20501,104300,4,'',1,10000,4,'',1,10000,4,'',1,10000,4,'',1,10000,4,'',1,10000,4,'',1,10000,4,'',1,10000,4,'',1,10000,4,'',1
'Blocking-Weekday-80-STAT-MDW23-1111100',20501,74100,4,'',1,8000,4,'',1,9700,4,'',1,10000,4,'',1,10000,4,'',1,10000,4,'',1,10000,4,'',1,10000,4,'',1,9700,4,'',1,10600,4,'',1,10000,4,'',1,8200,4,'',1,4000,4,'',1
'Blocking-Weekday-81-STAT-MDW23-1111100',20501,74100,4,'',1,8000,4,'',1,9700,4,'',1,10000,4,'',1,10000,4,'',1,10000,4,'',1,10000,4,'',1,10000,4,'',1,9700,4,'',1,10600,4,'',1,10000,4,'',1,8200,4,'',1,4000,4,'',1
'Blocking-Weekday-82-STAT-MDW23-1111100',20501,74100,4,'',1,8000,4,'',1,9700,4,'',1,10000,4,'',1,10000,4,'',1,10000,4,'',1,10000,4,'',1,10000,4,'',1,9700,4,'',1,10600,4,'',1,10000,4,'',1,8200,4,'',1,4000,4,'',1
'Blocking-Weekday-83-STAT-MDW23-1111100',20501,74100,4,'',1,8000,4,'',1,9700,4,'',1,10000,4,'',1,10000,4,'',1,10000,4,'',1,10000,4,'',1,10000,4,'',1,9700,4,'',1,10600,4,'',1,10000,4,'',1,8200,4,'',1,4000,4,'',1
'Blocking-Weekday-84-STAT-MDW23-1111100',20501,74300,4,'',1,10000,4,'',1,10000,4,'',1,10000,4,'',1,10000,4,'',1,10000,4,'',1,10000,4,'',1,10000,4,'',1,10000,4,'',1,10000,4,'',1,10000,4,'',1,10000,4,'',1
'Blocking-Weekday-80-STAT-MDW23-1111100',100000901,55700,4,'',1,6000,4,'',1,2000,4,'',1,2000,4,'',1,6000,4,'',1,2000,4,'',1,2000,4,'',1,6000,4,'',1,2000,4,'',1,82000,4,'',1,6000,4,'',1,2000,4,'',1,2000,4,'',1,6000,4,'',1,2000,4,'',1
'Blocking-Weekday-81-STAT-MDW23-1111100',100000901,55700,4,'',1,6000,4,'',1,2000,4,'',1,2000,4,'',1,6000,4,'',1,2000,4,'',1,2000,4,'',1,6000,4,'',1,2000,4,'',1,82000,4,'',1,6000,4,'',1,2000,4,'',1,2000,4,'',1,6000,4,'',1,2000,4,'',1
'Blocking-Weekday-82-STAT-MDW23-1111100',100000901,55700,4,'',1,6000,4,'',1,2000,4,'',1,2000,4,'',1,6000,4,'',1,2000,4,'',1,2000,4,'',1,6000,4,'',1,2000,4,'',1,82000,4,'',1,6000,4,'',1,2000,4,'',1,2000,4,'',1,6000,4,'',1,2000,4,'',1
'Blocking-Weekday-83-STAT-MDW23-1111100',100000901,55700,4,'',1,6000,4,'',1,2000,4,'',1,2000,4,'',1,6000,4,'',1,2000,4,'',1,2000,4,'',1,6000,4,'',1,2000,4,'',1,82000,4,'',1,6000,4,'',1,2000,4,'',1,2000,4,'',1,6000,4,'',1,2000,4,'',1
'Blocking-Weekday-84-STAT-MDW23-1111100',100000901,61300,4,'',1,3000,4,'',1,7000,4,'',1,3000,4,'',1,7000,4,'',1,90000,4,'',1,3000,4,'',1,7000,4,'',1,3000,4,'',1
'Blocking-Weekday-80-STAT-MDW23-1111100',100001200,65700,4,'',1,8000,4,'',1,2000,4,'',1,6000,4,'',1,2000,4,'',1
'Blocking-Weekday-81-STAT-MDW23-1111100',100001200,65700,4,'',1,8000,4,'',1,2000,4,'',1,6000,4,'',1,2000,4,'',1
'Blocking-Weekday-82-STAT-MDW23-1111100',100001200,65700,4,'',1,8000,4,'',1,2000,4,'',1,6000,4,'',1,2000,4,'',1
'Blocking-Weekday-83-STAT-MDW23-1111100',100001200,65700,4,'',1,8000,4,'',1,2000,4,'',1,6000,4,'',1,2000,4,'',1
'Blocking-Weekday-80-STAT-MDW23-1111100',100001300,163800,4,'',1,1000,4,'',1,6100,4,'',1,2200,4,'',1,2000,4,'',1,6100,4,'',1,2100,4,'',1,1500,4,'',1
'Blocking-Weekday-81-STAT-MDW23-1111100',100001300,163800,4,'',1,1000,4,'',1,6100,4,'',1,2200,4,'',1,2000,4,'',1,6100,4,'',1,2100,4,'',1,1500,4,'',1
'Blocking-Weekday-82-STAT-MDW23-1111100',100001300,163800,4,'',1,1000,4,'',1,6100,4,'',1,2200,4,'',1,2000,4,'',1,6100,4,'',1,2100,4,'',1,1500,4,'',1
'Blocking-Weekday-83-STAT-MDW23-1111100',100001300,163800,4,'',1,1000,4,'',1,6100,4,'',1,2200,4,'',1,2000,4,'',1,6100,4,'',1,2100,4,'',1,1500,4,'',1
'Blocking-Weekday-80-STAT-MDW23-1111100',100002101,71700,4,'',1,2000,4,'',1
'Blocking-Weekday-81-STAT-MDW23-1111100',100002101,71700,4,'',1,2000,4,'',1
'Blocking-Weekday-82-STAT-MDW23-1111100',100002101,71700,4,'',1,2000,4,'',1
'Blocking-Weekday-83-STAT-MDW23-1111100',100002101,71700,4,'',1,2000,4,'',1
'Blocking-Weekday-80-STAT-MDW23-1111100',100002200,55700,4,'',1,6000,4,'',1,2000,4,'',1,2000,4,'',1,10000,4,'',1,6000,4,'',1
'Blocking-Weekday-81-STAT-MDW23-1111100',100002200,55700,4,'',1,6000,4,'',1,2000,4,'',1,2000,4,'',1,10000,4,'',1,6000,4,'',1
'Blocking-Weekday-82-STAT-MDW23-1111100',100002200,55700,4,'',1,6000,4,'',1,2000,4,'',1,2000,4,'',1,10000,4,'',1,6000,4,'',1
'Blocking-Weekday-83-STAT-MDW23-1111100',100002200,55700,4,'',1,6000,4,'',1,2000,4,'',1,2000,4,'',1,10000,4,'',1,6000,4,'',1
'Blocking-Weekday-80-STAT-MDW23-1111100',100002300,165700,4,'',1,8000,4,'',1,8000,4,'',1
'Blocking-Weekday-81-STAT-MDW23-1111100',100002300,165700,4,'',1,8000,4,'',1,8000,4,'',1
'Blocking-Weekday-82-STAT-MDW23-1111100',100002300,165700,4,'',1,8000,4,'',1,8000,4,'',1
'Blocking-Weekday-83-STAT-MDW23-1111100',100002300,165700,4,'',1,8000,4,'',1,8000,4,'',1
'Blocking-Weekday-80-STAT-MDW23-1111100',100002400,55700,4,'',1,6000,4,'',1,2000,4,'',1,2000,4,'',1,6000,4,'',1,2000,4,'',1,2000,4,'',1,6000,4,'',1,82000,4,'',1,2000,4,'',1,5900,4,'',1,2100,4,'',1,2000,4,'',1,6000,4,'',1,2000,4,'',1
'Blocking-Weekday-81-STAT-MDW23-1111100',100002400,55700,4,'',1,6000,4,'',1,2000,4,'',1,2000,4,'',1,6000,4,'',1,2000,4,'',1,2000,4,'',1,6000,4,'',1,82000,4,'',1,2000,4,'',1,5900,4,'',1,2100,4,'',1,2000,4,'',1,6000,4,'',1,2000,4,'',1
'Blocking-Weekday-82-STAT-MDW23-1111100',100002400,55700,4,'',1,6000,4,'',1,2000,4,'',1,2000,4,'',1,6000,4,'',1,2000,4,'',1,2000,4,'',1,6000,4,'',1,82000,4,'',1,2000,4,'',1,5900,4,'',1,2100,4,'',1,2000,4,'',1,6000,4,'',1,2000,4,'',1
'Blocking-Weekday-83-STAT-MDW23-1111100',100002400,55700,4,'',1,6000,4,'',1,2000,4,'',1,2000,4,'',1,6000,4,'',1,2000,4,'',1,2000,4,'',1,6000,4,'',1,82000,4,'',1,2000,4,'',1,5900,4,'',1,2100,4,'',1,2000,4,'',1,6000,4,'',1,2000,4,'',1
'Blocking-Saturday-66-STAT-MDW23-0000010',100003101,64300,4,'',1,10000,4,'',1,10000,4,'',1,10000,4,'',1,10000,4,'',1,10000,4,'',1,10000,4,'',1,10000,4,'',1,10000,4,'',1,10000,4,'',1,10000,4,'',1,10000,4,'',1,10000,4,'',1
'Blocking-Weekday-80-STAT-MDW23-1111100',100003101,83700,4,'',1,8100,4,'',1,10000,4,'',1,10000,4,'',1,10000,4,'',1,10000,4,'',1,10000,4,'',1,10000,4,'',1,1500,4,'',1,8500,4,'',1,10000,4,'',1,4000,4,'',1,8000,4,'',1
'Blocking-Weekday-81-STAT-MDW23-1111100',100003101,83700,4,'',1,8100,4,'',1,10000,4,'',1,10000,4,'',1,10000,4,'',1,10000,4,'',1,10000,4,'',1,10000,4,'',1,1500,4,'',1,8500,4,'',1,10000,4,'',1,4000,4,'',1,8000,4,'',1
'Blocking-Weekday-82-STAT-MDW23-1111100',100003101,83700,4,'',1,8100,4,'',1,10000,4,'',1,10000,4,'',1,10000,4,'',1,10000,4,'',1,10000,4,'',1,10000,4,'',1,1500,4,'',1,8500,4,'',1,10000,4,'',1,4000,4,'',1,8000,4,'',1
'Blocking-Weekday-83-STAT-MDW23-1111100',100003101,83700,4,'',1,8100,4,'',1,10000,4,'',1,10000,4,'',1,10000,4,'',1,10000,4,'',1,10000,4,'',1,10000,4,'',1,1500,4,'',1,8500,4,'',1,10000,4,'',1,4000,4,'',1,8000,4,'',1
'Blocking-Weekday-84-STAT-MDW23-1111100',100003101,61300,4,'',1,3000,4,'',1,7000,4,'',1,3000,4,'',1,7000,4,'',1,3000,4,'',1,7000,4,'',1,3000,4,'',1,10000,4,'',1,10000,4,'',1,10000,4,'',1,10000,4,'',1,10000,4,'',1,10000,4,'',1,7000,4,'',1,3000,4,'',1,7000,4,'',1,3000,4,'',1,7000,4,'',1,3000,4,'',1
'Blocking-Saturday-66-STAT-MDW23-0000010',100003201,64300,4,'',1,10000,4,'',1,10000,4,'',1,10000,4,'',1,10000,4,'',1,10000,4,'',1,10000,4,'',1,10000,4,'',1,10000,4,'',1,10000,4,'',1,10000,4,'',1,10000,4,'',1,10000,4,'',1
'Blocking-Weekday-80-STAT-MDW23-1111100',100003201,55700,4,'',1,6000,4,'',1,2000,4,'',1,8000,4,'',1,20100,4,'',1,10000,4,'',1,10000,4,'',1,10000,4,'',1,10000,4,'',1,10000,4,'',1,10000,4,'',1,2000,4,'',1,8000,4,'',1
'Blocking-Weekday-81-STAT-MDW23-1111100',100003201,55700,4,'',1,6000,4,'',1,2000,4,'',1,8000,4,'',1,20100,4,'',1,10000,4,'',1,10000,4,'',1,10000,4,'',1,10000,4,'',1,10000,4,'',1,10000,4,'',1,2000,4,'',1,8000,4,'',1
'Blocking-Weekday-82-STAT-MDW23-1111100',100003201,55700,4,'',1,6000,4,'',1,2000,4,'',1,8000,4,'',1,20100,4,'',1,10000,4,'',1,10000,4,'',1,10000,4,'',1,10000,4,'',1,10000,4,'',1,10000,4,'',1,2000,4,'',1,8000,4,'',1
'Blocking-Weekday-83-STAT-MDW23-1111100',100003201,55700,4,'',1,6000,4,'',1,2000,4,'',1,8000,4,'',1,20100,4,'',1,10000,4,'',1,10000,4,'',1,10000,4,'',1,10000,4,'',1,10000,4,'',1,10000,4,'',1,2000,4,'',1,8000,4,'',1
'Blocking-Weekday-84-STAT-MDW23-1111100',100003201,61300,4,'',1,3000,4,'',1,7000,4,'',1,3000,4,'',1,7000,4,'',1,3000,4,'',1,7000,4,'',1,3000,4,'',1,10000,4,'',1,10000,4,'',1,10000,4,'',1,10000,4,'',1,10000,4,'',1,10000,4,'',1,7000,4,'',1,3000,4,'',1,7000,4,'',1,3000,4,'',1,7000,4,'',1,3000,4,'',1
'Blocking-Saturday-66-STAT-MDW23-0000010',100003301,64300,4,'',1,10000,4,'',1,10000,4,'',1,10000,4,'',1,10000,4,'',1,10000,4,'',1,10000,4,'',1,10000,4,'',1,10000,4,'',1,10000,4,'',1,10000,4,'',1,10000,4,'',1,10000,4,'',1
'Blocking-Weekday-80-STAT-MDW23-1111100',100003301,91800,4,'',1,10000,4,'',1,10000,4,'',1,10000,4,'',1,10000,4,'',1,10000,4,'',1,10000,4,'',1,1500,4,'',1,8500,4,'',1
'Blocking-Weekday-81-STAT-MDW23-1111100',100003301,91800,4,'',1,10000,4,'',1,10000,4,'',1,10000,4,'',1,10000,4,'',1,10000,4,'',1,10000,4,'',1,1500,4,'',1,8500,4,'',1
'Blocking-Weekday-82-STAT-MDW23-1111100',100003301,91800,4,'',1,10000,4,'',1,10000,4,'',1,10000,4,'',1,10000,4,'',1,10000,4,'',1,10000,4,'',1,1500,4,'',1,8500,4,'',1
'Blocking-Weekday-83-STAT-MDW23-1111100',100003301,91800,4,'',1,10000,4,'',1,10000,4,'',1,10000,4,'',1,10000,4,'',1,10000,4,'',1,10000,4,'',1,1500,4,'',1,8500,4,'',1
'Blocking-Weekday-84-STAT-MDW23-1111100',100003301,84300,4,'',1,7000,4,'',1,3000,4,'',1,10000,4,'',1,10000,4,'',1,10000,4,'',1,10000,4,'',1,10000,4,'',1,10000,4,'',1,7000,4,'',1,3000,4,'',1
