20100,971,1,0
20100,169,2,0
20100,173,3,0
20100,175,4,0
20100,378,5,0
20100,538,6,0
20100,6273,7,0
20100,6760,8,0
20100,6488,9,0
20100,6540,10,0
20100,6388,11,0
20100,6272,12,0
20100,5173,13,0
20100,5356,14,0
20100,1716,15,0
20100,1847,16,0
20100,1994,17,0
20100,1951,18,0
20100,1426,19,0
20100,1439,20,0
20100,1608,21,0
20100,1292,22,0
20100,1262,23,0
20100,1620,24,0
20100,1740,25,0
20100,1718,26,0
20100,1679,27,1
20100,1850,28,0
20100,1989,29,1
20101,1439,1,0
20101,1608,2,0
20101,1292,3,0
20101,1262,4,0
20101,1620,5,0
20101,1740,6,0
20101,1718,7,0
20101,1850,8,0
20101,1989,9,0
20101,1702,10,0
20101,1797,11,0
20101,1904,12,0
20101,1669,13,0
20101,1947,14,0
20101,1759,15,0
20101,1604,16,0
20101,6227,17,0
20101,6550,18,0
20101,6533,19,0
20101,6226,20,0
20101,6152,21,0
20101,6673,22,0
20101,6161,23,0
20101,535,24,1
20101,545,25,0
20101,322,26,0
20101,376,27,0
20101,129,28,0
20101,971,29,1
20200,971,1,0
20200,169,2,0
20200,111,3,0
20200,113,4,0
20200,115,5,0
20200,123,6,0
20200,125,7,0
20200,445,8,0
20200,919,9,0
20200,537,10,0
20200,6273,11,0
20200,6760,12,0
20200,6488,13,0
20200,6540,14,0
20200,6388,15,0
20200,6272,16,0
20200,1223,17,0
20200,1226,18,0
20200,1107,19,1
20201,1107,1,0
20201,1024,2,0
20201,1924,3,0
20201,1227,4,0
20201,6227,5,0
20201,6550,6,0
20201,6533,7,0
20201,6226,8,0
20201,6152,9,0
20201,6673,10,0
20201,6161,11,0
20201,545,12,0
20201,915,13,0
20201,446,14,0
20201,1,15,0
20201,3,16,0
20201,65,17,0
20201,254,18,0
20201,67,19,0
20201,69,20,0
20201,971,21,1
20300,971,1,0
20300,169,2,0
20300,173,3,0
20300,175,4,0
20300,378,5,0
20300,536,6,0
20300,6273,7,0
20300,6760,8,0
20300,6488,9,0
20300,6540,10,0
20300,6388,11,0
20300,6272,12,0
20300,5173,13,0
20300,5356,14,0
20300,5083,15,0
20300,5211,16,0
20300,2844,17,0
20300,2003,18,1
20301,2003,1,0
20301,22720,2,0
20301,2410,3,0
20301,2638,4,0
20301,2749,5,0
20301,5207,6,0
20301,1947,7,0
20301,1759,8,0
20301,1604,9,0
20301,6227,10,0
20301,6550,11,0
20301,6533,12,0
20301,6226,13,0
20301,6152,14,0
20301,6673,15,0
20301,6161,16,0
20301,545,17,0
20301,376,18,0
20301,129,19,0
20301,971,20,1
20500,533,1,0
20500,6741,2,0
20500,6110,3,0
20500,5444,4,0
20500,5467,5,0
20500,5692,6,0
20500,5669,7,0
20500,8483,8,0
20500,8497,9,0
20500,8395,10,0
20500,8861,11,0
20500,8917,12,0
20500,8952,13,0
20500,8765,14,0
20500,8838,15,0
20500,8752,16,0
20500,5794,17,0
20500,5840,18,1
20501,5840,1,0
20501,55848,2,0
20501,8506,3,0
20501,8742,4,0
20501,8662,5,0
20501,8693,6,0
20501,8882,7,0
20501,8944,8,0
20501,8731,9,0
20501,8936,10,0
20501,8851,11,0
20501,8935,12,0
20501,5418,13,0
20501,5850,14,0
20501,5251,15,0
20501,5487,16,0
20501,5408,17,0
20501,6757,18,0
20501,6549,19,0
20501,535,20,1
20800,971,1,0
20800,378,2,0
20800,532,3,0
20800,1557,4,0
20800,11094,5,0
20800,1083,6,0
20800,1964,7,0
20800,1941,8,0
20800,1304,9,1
20801,1302,1,0
20801,1794,2,0
20801,1711,3,0
20801,1959,4,0
20801,1851,5,0
20801,11095,6,0
20801,1702,7,0
20801,545,8,0
20801,376,9,0
20801,129,10,0
20801,971,11,1
21100,973,1,0
21100,378,2,0
21100,534,3,0
21100,1426,4,0
21100,1439,5,0
21100,1608,6,0
21100,1292,7,0
21100,1262,8,0
21100,1346,9,0
21100,1019,10,1
21101,1439,1,0
21101,1608,2,0
21101,1292,3,0
21101,1262,4,0
21101,1346,5,0
21101,1019,6,0
21101,1924,7,0
21101,545,8,0
21101,376,9,0
21101,129,10,0
21101,972,11,1
100000400,973,1,0
100000400,117,2,0
100000400,119,3,0
100000400,121,4,0
100000400,495,5,0
100000400,133,6,0
100000400,135,7,0
100000400,569,8,0
100000400,137,9,0
100000400,139,10,0
100000400,775,11,0
100000400,779,12,0
100000400,781,13,0
100000400,783,14,0
100000400,785,15,0
100000400,907,16,0
100000400,789,17,0
100000400,793,18,0
100000400,711,19,0
100000400,797,20,0
100000400,989,21,0
100000400,929,22,0
100000400,801,23,0
100000400,803,24,0
100000400,501,25,0
100000400,425,26,0
100000400,427,27,0
100000400,429,28,0
100000400,431,29,0
100000400,809,30,0
100000400,811,31,0
100000400,819,32,0
100000400,393,33,0
100000400,611,34,0
100000400,439,35,0
100000400,703,36,0
100000501,973,1,0
100000501,835,2,0
100000501,833,3,0
100000501,831,4,0
100000501,903,5,0
100000501,715,6,0
100000501,419,7,0
100000501,421,8,0
100000501,807,9,0
100000501,423,10,0
100000501,507,11,0
100000501,497,12,0
100000501,499,13,0
100000501,719,14,0
100000501,805,15,0
100000501,799,16,0
100000501,927,17,0
100000501,795,18,0
100000501,717,19,0
100000501,791,20,0
100000501,787,21,0
100000501,905,22,0
100000501,149,23,0
100000501,151,24,0
100000501,153,25,0
100000501,157,26,0
100000501,777,27,0
100000501,773,28,0
100000501,721,29,0
100000501,771,30,0
100000501,103,31,0
100000501,371,32,0
100000501,493,33,0
100000501,373,34,0
100000501,375,35,0
100000501,377,36,0
100000600,973,1,0
100000600,837,2,0
100000600,829,3,0
100000600,827,4,0
100000600,825,5,0
100000600,823,6,0
100000600,821,7,0
100000600,391,8,0
100000600,715,9,0
100000600,419,10,0
100000600,421,11,0
100000600,807,12,0
100000600,423,13,0
100000600,507,14,0
100000600,497,15,0
100000600,499,16,0
100000600,719,17,0
100000600,805,18,0
100000600,198,19,0
100000600,214,20,0
100000600,112,21,0
100000600,71,22,0
100000600,110,23,0
100000600,320,24,0
100000600,324,25,0
100000600,224,26,0
100000600,334,27,1
100000601,334,1,0
100000601,220,2,0
100000601,222,3,0
100000601,302,4,0
100000601,114,5,0
100000601,106,6,0
100000601,108,7,0
100000601,120,8,0
100000601,212,9,0
100000601,210,10,0
100000601,803,11,0
100000601,501,12,0
100000601,425,13,0
100000601,427,14,0
100000601,429,15,0
100000601,431,16,0
100000601,809,17,0
100000601,811,18,0
100000601,819,19,0
100000601,673,20,0
100000601,675,21,0
100000601,677,22,0
100000601,679,23,0
100000601,681,24,0
100000601,683,25,0
100000601,685,26,0
100000601,839,27,0
100000601,377,28,0
100000601,973,29,1
100000700,974,1,0
100000700,487,2,0
100000700,899,3,0
100000700,909,4,0
100000700,999,5,0
100000700,619,6,0
100000700,931,7,0
100000700,70,8,0
100000700,945,9,0
100000700,941,10,0
100000700,981,11,0
100000700,983,12,0
100000700,22,13,0
100000700,24,14,0
100000700,26,15,0
100000700,28,16,0
100000700,30,17,0
100000700,993,18,0
100000700,965,19,0
100000700,937,20,0
100000700,32,21,0
100000700,40,22,0
100000700,34,23,0
100000700,36,24,0
100000700,38,25,0
100000700,939,26,0
100000700,695,27,0
100000700,633,28,0
100000700,397,29,0
100000700,399,30,0
100000700,489,31,0
100000700,973,32,1
100000801,974,1,0
100000801,689,2,0
100000801,691,3,0
100000801,693,4,0
100000801,619,5,0
100000801,931,6,0
100000801,687,7,0
100000801,2,8,0
100000801,4,9,0
100000801,6,10,0
100000801,8,11,0
100000801,10,12,0
100000801,12,13,0
100000801,849,14,0
100000801,14,15,0
100000801,991,16,0
100000801,16,17,0
100000801,118,18,0
100000801,18,19,0
100000801,20,20,0
100000801,723,21,0
100000801,843,22,0
100000801,935,23,0
100000801,943,24,0
100000801,947,25,0
100000801,695,26,0
100000801,633,27,0
100000801,663,28,0
100000801,665,29,0
100000801,505,30,0
100000801,611,31,0
100000801,439,32,0
100000801,703,33,0
100000801,973,34,1
100000900,541,1,0
100000900,599,2,0
100000900,195,3,0
100000900,197,4,0
100000900,199,5,0
100000900,201,6,0
100000900,203,7,0
100000900,205,8,0
100000900,207,9,0
100000900,209,10,0
100000900,211,11,0
100000900,213,12,0
100000900,891,13,0
100000900,291,14,0
100000900,585,15,0
100000900,581,16,0
100000900,579,17,0
100000900,995,18,0
100000900,42,19,0
100000900,46,20,0
100000900,48,21,0
100000900,50,22,0
100000900,52,23,0
100000900,54,24,0
100000900,857,25,0
100000900,859,26,0
100000900,861,27,0
100000900,987,28,0
100000900,863,29,1
100000900,363,30,0
100000900,855,31,1
100000901,855,1,0
100000901,459,2,0
100000901,461,3,0
100000901,463,4,0
100000901,465,5,0
100000901,467,6,0
100000901,56,7,0
100000901,58,8,0
100000901,60,9,0
100000901,62,10,0
100000901,64,11,0
100000901,66,12,0
100000901,997,13,0
100000901,473,14,0
100000901,583,15,0
100000901,593,16,0
100000901,351,17,0
100000901,893,18,0
100000901,267,19,0
100000901,271,20,0
100000901,273,21,0
100000901,275,22,0
100000901,651,23,0
100000901,277,24,0
100000901,279,25,0
100000901,281,26,0
100000901,283,27,0
100000901,285,28,0
100000901,535,29,1
100001200,540,1,0
100001200,386,2,0
100001200,358,3,0
100001200,336,4,0
100001200,338,5,0
100001200,340,6,0
100001200,342,7,0
100001200,344,8,0
100001200,346,9,0
100001200,603,10,0
100001200,307,11,0
100001200,309,12,0
100001200,889,13,0
100001200,311,14,0
100001200,313,15,0
100001200,315,16,0
100001200,317,17,0
100001200,319,18,0
100001200,409,19,0
100001200,321,20,0
100001200,285,21,0
100001200,535,22,1
100001300,540,1,0
100001300,323,2,0
100001300,325,3,0
100001300,407,4,0
100001300,327,5,0
100001300,329,6,0
100001300,331,7,0
100001300,333,8,0
100001300,335,9,0
100001300,337,10,0
100001300,885,11,0
100001300,339,12,0
100001300,613,13,0
100001300,348,14,0
100001300,350,15,0
100001300,352,16,0
100001300,354,17,0
100001300,356,18,0
100001300,208,19,0
100001300,705,20,0
100001300,933,21,0
100001300,535,22,1
100001400,973,1,0
100001400,487,2,0
100001400,899,3,0
100001400,909,4,0
100001400,667,5,0
100001400,669,6,0
100001400,671,7,0
100001400,841,8,0
100001400,300,9,0
100001400,250,10,1
100001401,250,1,0
100001401,246,2,0
100001401,244,3,0
100001401,925,4,0
100001401,68,5,0
100001401,435,6,0
100001401,847,7,0
100001401,505,8,0
100001401,611,9,0
100001401,439,10,0
100001401,703,11,0
100001401,973,12,1
100002100,542,1,0
100002100,915,2,0
100002100,659,3,0
100002100,360,4,0
100002100,362,5,0
100002100,142,6,0
100002100,144,7,0
100002100,150,8,0
100002100,152,9,0
100002100,737,10,0
100002100,741,11,0
100002100,745,12,0
100002100,749,13,0
100002100,753,14,0
100002100,523,15,0
100002100,513,16,0
100002100,382,17,0
100002100,398,18,0
100002100,400,19,0
100002100,402,20,0
100002100,304,21,0
100002100,306,22,0
100002100,258,23,0
100002100,86,24,0
100002100,88,25,0
100002100,90,26,0
100002100,92,27,0
100002100,94,28,0
100002100,96,29,0
100002100,98,30,0
100002100,100,31,0
100002100,254,32,0
100002100,67,33,0
100002100,69,34,0
100002100,972,35,1
100002101,972,1,0
100002101,169,2,0
100002101,111,3,0
100002101,113,4,0
100002101,72,5,0
100002101,74,6,0
100002101,76,7,0
100002101,78,8,0
100002101,80,9,0
100002101,82,10,0
100002101,228,11,0
100002101,252,12,0
100002101,392,13,0
100002101,394,14,0
100002101,396,15,0
100002101,404,16,0
100002101,380,17,0
100002101,515,18,0
100002101,525,19,0
100002101,557,20,0
100002101,751,21,0
100002101,747,22,0
100002101,743,23,0
100002101,739,24,0
100002101,645,25,0
100002101,647,26,0
100002101,657,27,0
100002101,761,28,0
100002101,370,29,0
100002101,733,30,0
100002101,372,31,0
100002101,597,32,0
100002101,923,33,0
100002101,919,34,0
100002101,535,35,1
100002200,542,1,0
100002200,915,2,0
100002200,659,3,0
100002200,360,4,0
100002200,362,5,0
100002200,364,6,0
100002200,366,7,0
100002200,228,8,0
100002200,252,9,0
100002200,404,10,0
100002200,380,11,0
100002200,515,12,0
100002200,525,13,0
100002200,557,14,0
100002200,751,15,0
100002200,747,16,0
100002200,743,17,0
100002200,739,18,0
100002200,645,19,0
100002200,647,20,0
100002200,657,21,0
100002200,761,22,0
100002200,370,23,0
100002200,733,24,0
100002200,372,25,0
100002200,597,26,0
100002200,923,27,0
100002200,919,28,0
100002200,535,29,1
100002300,542,1,0
100002300,915,2,0
100002300,659,3,0
100002300,360,4,0
100002300,362,5,0
100002300,142,6,0
100002300,144,7,0
100002300,150,8,0
100002300,152,9,0
100002300,737,10,0
100002300,741,11,0
100002300,745,12,0
100002300,749,13,0
100002300,753,14,0
100002300,523,15,0
100002300,513,16,0
100002300,382,17,0
100002300,406,18,0
100002300,304,19,0
100002300,306,20,0
100002300,368,21,0
100002300,370,22,0
100002300,733,23,0
100002300,372,24,0
100002300,597,25,0
100002300,923,26,0
100002300,919,27,0
100002300,535,28,1
100002400,539,1,0
100002400,408,2,0
100002400,1,3,0
100002400,3,4,0
100002400,5,5,0
100002400,7,6,0
100002400,9,7,0
100002400,11,8,0
100002400,13,9,0
100002400,15,10,0
100002400,17,11,0
100002400,19,12,0
100002400,21,13,0
100002400,23,14,0
100002400,25,15,0
100002400,27,16,0
100002400,29,17,0
100002400,31,18,0
100002400,378,19,0
100002400,535,20,1
100003100,539,1,0
100003100,915,2,0
100003100,446,3,0
100003100,33,4,0
100003100,911,5,0
100003100,643,6,0
100003100,737,7,0
100003100,741,8,0
100003100,745,9,0
100003100,749,10,0
100003100,753,11,0
100003100,523,12,0
100003100,513,13,0
100003100,755,14,0
100003100,761,15,0
100003100,45,16,0
100003100,47,17,0
100003100,49,18,0
100003100,51,19,0
100003100,53,20,0
100003100,55,21,0
100003100,57,22,0
100003100,59,23,0
100003100,61,24,0
100003100,63,25,0
100003100,65,26,0
100003100,254,27,0
100003100,67,28,0
100003100,765,29,0
100003100,69,30,0
100003100,972,31,1
100003101,972,1,0
100003101,169,2,0
100003101,111,3,0
100003101,113,4,0
100003101,763,5,0
100003101,115,6,0
100003101,5,7,0
100003101,7,8,0
100003101,9,9,0
100003101,11,10,0
100003101,13,11,0
100003101,15,12,0
100003101,17,13,0
100003101,19,14,0
100003101,21,15,0
100003101,759,16,0
100003101,757,17,0
100003101,515,18,0
100003101,525,19,0
100003101,557,20,0
100003101,751,21,0
100003101,747,22,0
100003101,743,23,0
100003101,739,24,0
100003101,735,25,0
100003101,913,26,0
100003101,31,27,0
100003101,445,28,0
100003101,919,29,0
100003101,535,30,1
100003200,540,1,0
100003200,322,2,0
100003200,323,3,0
100003200,325,4,0
100003200,407,5,0
100003200,327,6,0
100003200,329,7,0
100003200,331,8,0
100003200,333,9,0
100003200,335,10,0
100003200,887,11,0
100003200,299,12,0
100003200,301,13,0
100003200,303,14,0
100003200,305,15,0
100003200,603,16,0
100003200,307,17,0
100003200,883,18,0
100003200,881,19,0
100003200,877,20,0
100003200,579,21,0
100003200,575,22,0
100003200,403,23,0
100003200,257,24,0
100003200,259,25,0
100003200,261,26,0
100003200,897,27,0
100003200,275,28,0
100003200,587,29,0
100003200,353,30,0
100003200,765,31,0
100003200,69,32,0
100003200,972,33,1
100003201,972,1,0
100003201,169,2,0
100003201,763,3,0
100003201,609,4,0
100003201,289,5,0
100003201,203,6,0
100003201,895,7,0
100003201,219,8,0
100003201,221,9,0
100003201,223,10,0
100003201,901,11,0
100003201,571,12,0
100003201,997,13,0
100003201,473,14,0
100003201,875,15,0
100003201,879,16,0
100003201,885,17,0
100003201,339,18,0
100003201,613,19,0
100003201,341,20,0
100003201,343,21,0
100003201,345,22,0
100003201,889,23,0
100003201,311,24,0
100003201,313,25,0
100003201,315,26,0
100003201,317,27,0
100003201,319,28,0
100003201,409,29,0
100003201,321,30,0
100003201,285,31,0
100003201,535,32,1
100003300,541,1,0
100003300,599,2,0
100003300,195,3,0
100003300,197,4,0
100003300,199,5,0
100003300,201,6,0
100003300,203,7,0
100003300,205,8,0
100003300,207,9,0
100003300,209,10,0
100003300,211,11,0
100003300,213,12,0
100003300,891,13,0
100003300,291,14,0
100003300,585,15,0
100003300,581,16,0
100003300,873,17,0
100003300,225,18,0
100003300,388,19,0
100003300,390,20,0
100003300,865,21,0
100003300,867,22,0
100003300,869,23,0
100003300,229,24,0
100003300,617,25,0
100003300,231,26,0
100003300,233,27,0
100003300,235,28,0
100003300,237,29,0
100003300,239,30,0
100003300,972,31,1
100003301,972,1,0
100003301,241,2,0
100003301,243,3,0
100003301,245,4,0
100003301,247,5,0
100003301,249,6,0
100003301,251,7,0
100003301,385,8,0
100003301,387,9,0
100003301,363,10,0
100003301,365,11,0
100003301,367,12,0
100003301,389,13,0
100003301,255,14,0
100003301,901,15,0
100003301,571,16,0
100003301,997,17,0
100003301,873,18,1
100003301,871,19,0
100003301,473,20,0
100003301,583,21,0
100003301,593,22,0
100003301,351,23,0
100003301,893,24,0
100003301,267,25,0
100003301,271,26,0
100003301,273,27,0
100003301,275,28,0
100003301,651,29,0
100003301,277,30,0
100003301,279,31,0
100003301,281,32,0
100003301,283,33,0
100003301,285,34,0
100003301,535,35,1
600000101,971,1,0
600000101,763,2,0
