'Blocking-Saturday-66-STAT-SPR23-0000010',20100,53000,0,'Edmonton',1,10000,0,'Edmonton',1,10000,0,'Edmonton',1,10000,0,'Edmonton',1,10000,0,'Edmonton',1,10000,0,'Edmonton',1,10000,0,'Edmonton',1,10000,0,'Edmonton',1,10000,0,'Edmonton',1,10000,0,'Edmonton',1,10000,0,'Edmonton',1,10000,0,'Edmonton',1,10000,0,'Edmonton',1,10000,0,'Edmonton',1,10000,0,'Edmonton',1,10000,0,'Edmonton',1,10000,0,'Edmonton',1,10000,0,'Edmonton',1,10000,0,'Edmonton',1
'Blocking-Saturday-66-STAT-SPR23-0000010',20101,65500,4,'',1,10000,4,'',1,10000,4,'',1,10000,4,'',1,10000,4,'',1,10000,4,'',1,10000,4,'',1,10000,4,'',1,10000,4,'',1,10000,4,'',1,10000,4,'',1,10000,4,'',1,10000,4,'',1,10000,4,'',1,10000,4,'',1,10000,4,'',1,10000,4,'',1
'Blocking-Sunday-74-STAT-SPR23-0000001',20100,53500,0,'Edmonton',1,10000,0,'Edmonton',1,10000,0,'Edmonton',1,10000,0,'Edmonton',1,10000,0,'Edmonton',1,10000,0,'Edmonton',1,10000,0,'Edmonton',1,10000,0,'Edmonton',1,10000,0,'Edmonton',1,10000,0,'Edmonton',1,10000,0,'Edmonton',1,10000,0,'Edmonton',1,10000,0,'Edmonton',1,10000,0,'Edmonton',1
'Blocking-Sunday-74-STAT-SPR23-0000001',20101,65300,4,'',1,10000,4,'',1,10000,4,'',1,10000,4,'',1,10000,4,'',1,10000,4,'',1,10000,4,'',1,10000,4,'',1,10000,4,'',1,10000,4,'',1,10000,4,'',1,10000,4,'',1
'Blocking-Weekday-63-STAT-SPR23-1111100',20100,52000,0,'Edmonton',1,2500,0,'Edmonton',1,6000,0,'Edmonton',1,2000,0,'Edmonton',1,2000,0,'MacEwan U',1,6000,0,'Edmonton',1,2000,0,'MacEwan U',1,2000,0,'MacEwan U',1,6000,0,'MacEwan U',1,2000,0,'MacEwan U',1,8000,0,'MacEwan U',1,10000,0,'MacEwan U',1,10000,0,'MacEwan U',1,10000,0,'MacEwan U',1,10000,0,'Edmonton',1,10000,0,'Edmonton',1,10000,0,'Edmonton',1,2000,0,'Edmonton',1,8000,0,'MacEwan U',1,2200,0,'Edmonton',1,1800,0,'Edmonton',1,6000,0,'Edmonton',1,2000,0,'Edmonton',1,2000,0,'Edmonton',1,6000,0,'Edmonton',1,4000,0,'Edmonton',1,10000,0,'Edmonton',1,10000,0,'Edmonton',1,10000,0,'Edmonton',1,10000,0,'Edmonton',1,10000,0,'Edmonton',1
'Blocking-Weekday-63-STAT-SPR23-1111100',20101,63800,4,'',1,7000,4,'',1,2500,4,'',1,2000,4,'',1,8000,4,'',1,9700,4,'',1,10000,4,'',1,10000,4,'',1,10000,4,'',1,10000,4,'',1,10000,4,'',1,2000,4,'',1,8000,4,'',1,2300,4,'',1,6000,4,'',1,2000,4,'',1,2000,4,'',1,6000,4,'',1,2000,4,'',1,2100,4,'',1,6100,4,'',1,1500,4,'',1,8800,4,'',1,2500,4,'',1,6500,4,'',1,10000,4,'',1,10000,4,'',1,10000,4,'',1
'Blocking-Weekday-63-STAT-SPR23-1111100',20200,60500,,'',1,2000,,'',1,2000,,'',1,6000,,'',1,2000,,'',1,2000,,'',1,6000,,'',1,2000,,'',1,8000,,'',1,10000,,'',1,10000,,'',1,10000,,'',1,10000,,'',1,10000,,'',1,10000,,'',1,2000,,'',1,8000,,'',1,2200,,'',1,1800,,'',1,6000,,'',1,2000,,'',1
'Blocking-Weekday-63-STAT-SPR23-1111100',20201,73300,4,'',1,2000,4,'',1,8000,4,'',1,9700,4,'',1,10000,4,'',1,10000,4,'',1,10000,4,'',1,10000,4,'',1,10000,4,'',1,2000,4,'',1,8000,4,'',1,2300,4,'',1,6000,4,'',1,2000,4,'',1,2000,4,'',1,6000,4,'',1,2000,4,'',1,2100,4,'',1,6100,4,'',1,1800,4,'',1,1900,4,'',1
'Blocking-Weekday-63-STAT-SPR23-1111100',20300,60500,,'',1,2000,,'',1,2000,,'',1,6000,,'',1,2000,,'',1,2000,,'',1,6000,,'',1,2000,,'',1,8000,,'',1,10000,,'',1,10000,,'',1,10000,,'',1,10000,,'',1,10000,,'',1,10000,,'',1,2000,,'',1,8000,,'',1,2100,,'',1,1900,,'',1,6000,,'',1,2000,,'',1
'Blocking-Weekday-63-STAT-SPR23-1111100',20301,73300,4,'',1,2000,4,'',1,8000,4,'',1,9700,4,'',1,10000,4,'',1,10000,4,'',1,10000,4,'',1,10000,4,'',1,10000,4,'',1,2000,4,'',1,8000,4,'',1,2000,4,'',1,8400,4,'',1,1700,4,'',1,6200,4,'',1,2100,4,'',1,2000,4,'',1,6100,4,'',1,1500,4,'',1,2500,4,'',1
'Blocking-Weekday-63-STAT-SPR23-1111100',20800,60500,,'',1,2000,,'',1,2000,,'',1,6000,,'',1,2000,,'',1,2000,,'',1,6000,,'',1
'Blocking-Weekday-63-STAT-SPR23-1111100',20801,155300,4,'',1,6000,4,'',1,2000,4,'',1,2000,4,'',1,6000,4,'',1,2000,4,'',1,2000,4,'',1
