'Blocking-Weekday-78-STAT-SUM23-1111100',21101,161300,4,'',1,4000,4,'',1,6000,4,'',1,2000,4,'',1,2100,4,'',1
'Blocking-Weekday-79-STAT-SUM23-1111100',21101,161300,4,'',1,4000,4,'',1,6000,4,'',1,2000,4,'',1,2100,4,'',1
'Blocking-Weekday-78-STAT-SUM23-1111100',100002100,154800,4,'',1,8200,4,'',1,8300,4,'',1,3900,4,'',1,8000,4,'',1
'Blocking-Weekday-78-STAT-SUM23-1111100',100002101,64500,,'',1,6800,,'',1
'Blocking-Weekday-79-STAT-SUM23-1111100',100002100,154800,4,'',1,8200,4,'',1,8300,4,'',1,3900,4,'',1,8000,4,'',1
'Blocking-Weekday-79-STAT-SUM23-1111100',100002101,64500,,'',1,6800,,'',1
'Blocking-Saturday-64-STAT-SUM23-0000010',100003100,61300,4,'',1,10000,4,'',1,10000,4,'',1,10000,4,'',1,10000,4,'',1,10000,4,'',1,10000,4,'',1,10000,4,'',1,10000,4,'',1,10000,4,'',1,10000,4,'',1,10000,4,'',1,10000,4,'',1
'Blocking-Saturday-64-STAT-SUM23-0000010',100003101,61500,,'',1,10000,,'',1,10000,,'',1,10000,,'',1,10000,,'',1,10000,,'',1,10000,,'',1,10000,,'',1,10000,,'',1,10000,,'',1,10000,,'',1,10000,,'',1,10000,,'',1
'Blocking-Saturday-80-STAT-SUM23-0000010',100003100,61300,4,'',1,10000,4,'',1,10000,4,'',1,10000,4,'',1,10000,4,'',1,10000,4,'',1,10000,4,'',1,10000,4,'',1,10000,4,'',1,10000,4,'',1,10000,4,'',1,10000,4,'',1,10000,4,'',1
'Blocking-Saturday-80-STAT-SUM23-0000010',100003101,61500,,'',1,10000,,'',1,10000,,'',1,10000,,'',1,10000,,'',1,10000,,'',1,10000,,'',1,10000,,'',1,10000,,'',1,10000,,'',1,10000,,'',1,10000,,'',1,10000,,'',1
'Blocking-Weekday-78-STAT-SUM23-1111100',100003100,73200,4,'',1,11600,4,'',1,10000,4,'',1,10000,4,'',1,10000,4,'',1,10000,4,'',1,10000,4,'',1,10000,4,'',1,6200,4,'',1,3600,4,'',1,6600,4,'',1,24200,4,'',1
'Blocking-Weekday-78-STAT-SUM23-1111100',100003101,80900,,'',1,4100,,'',1,10000,,'',1,10000,,'',1,10000,,'',1,10000,,'',1,10000,,'',1,10000,,'',1,5500,,'',1,4500,,'',1,10000,,'',1,8000,,'',1,8000,,'',1
'Blocking-Weekday-79-STAT-SUM23-1111100',100003100,73200,4,'',1,11600,4,'',1,10000,4,'',1,10000,4,'',1,10000,4,'',1,10000,4,'',1,10000,4,'',1,10000,4,'',1,6200,4,'',1,3600,4,'',1,6600,4,'',1,24200,4,'',1
'Blocking-Weekday-79-STAT-SUM23-1111100',100003101,80900,,'',1,4100,,'',1,10000,,'',1,10000,,'',1,10000,,'',1,10000,,'',1,10000,,'',1,10000,,'',1,5500,,'',1,4500,,'',1,10000,,'',1,8000,,'',1,8000,,'',1
'Blocking-Saturday-64-STAT-SUM23-0000010',100003200,61300,4,'',1,10000,4,'',1,10000,4,'',1,10000,4,'',1,10000,4,'',1,10000,4,'',1,10000,4,'',1,10000,4,'',1,10000,4,'',1,10000,4,'',1,10000,4,'',1,10000,4,'',1,10000,4,'',1
'Blocking-Saturday-64-STAT-SUM23-0000010',100003201,61500,,'',1,10000,,'',1,10000,,'',1,10000,,'',1,10000,,'',1,10000,,'',1,10000,,'',1,10000,,'',1,10000,,'',1,10000,,'',1,10000,,'',1,10000,,'',1,10000,,'',1
'Blocking-Saturday-80-STAT-SUM23-0000010',100003200,61300,4,'',1,10000,4,'',1,10000,4,'',1,10000,4,'',1,10000,4,'',1,10000,4,'',1,10000,4,'',1,10000,4,'',1,10000,4,'',1,10000,4,'',1,10000,4,'',1,10000,4,'',1,10000,4,'',1
'Blocking-Saturday-80-STAT-SUM23-0000010',100003201,61500,,'',1,10000,,'',1,10000,,'',1,10000,,'',1,10000,,'',1,10000,,'',1,10000,,'',1,10000,,'',1,10000,,'',1,10000,,'',1,10000,,'',1,10000,,'',1,10000,,'',1
'Blocking-Weekday-78-STAT-SUM23-1111100',100003200,73500,4,'',1,6700,4,'',1,5200,4,'',1,9900,4,'',1,10000,4,'',1,10000,4,'',1,10000,4,'',1,10000,4,'',1,10000,4,'',1,6000,4,'',1,4200,4,'',1,6000,4,'',1
'Blocking-Weekday-78-STAT-SUM23-1111100',100003201,54500,,'',1,9900,,'',1,20100,,'',1,10000,,'',1,10000,,'',1,10000,,'',1,10000,,'',1,10000,,'',1,10000,,'',1,6000,,'',1,4000,,'',1
'Blocking-Weekday-79-STAT-SUM23-1111100',100003200,73500,4,'',1,6700,4,'',1,5200,4,'',1,9900,4,'',1,10000,4,'',1,10000,4,'',1,10000,4,'',1,10000,4,'',1,10000,4,'',1,6000,4,'',1,4200,4,'',1,6000,4,'',1
'Blocking-Weekday-79-STAT-SUM23-1111100',100003201,54500,,'',1,9900,,'',1,20100,,'',1,10000,,'',1,10000,,'',1,10000,,'',1,10000,,'',1,10000,,'',1,10000,,'',1,6000,,'',1,4000,,'',1
'Blocking-Saturday-64-STAT-SUM23-0000010',100003300,61300,4,'',1,10000,4,'',1,10000,4,'',1,10000,4,'',1,10000,4,'',1,10000,4,'',1,10000,4,'',1,10000,4,'',1,10000,4,'',1,10000,4,'',1,10000,4,'',1,10000,4,'',1,10000,4,'',1
'Blocking-Saturday-64-STAT-SUM23-0000010',100003301,61500,,'',1,10000,,'',1,10000,,'',1,10000,,'',1,10000,,'',1,10000,,'',1,10000,,'',1,10000,,'',1,10000,,'',1,10000,,'',1,10000,,'',1,10000,,'',1,10000,,'',1
'Blocking-Saturday-80-STAT-SUM23-0000010',100003300,61300,4,'',1,10000,4,'',1,10000,4,'',1,10000,4,'',1,10000,4,'',1,10000,4,'',1,10000,4,'',1,10000,4,'',1,10000,4,'',1,10000,4,'',1,10000,4,'',1,10000,4,'',1,10000,4,'',1
'Blocking-Saturday-80-STAT-SUM23-0000010',100003301,61500,,'',1,10000,,'',1,10000,,'',1,10000,,'',1,10000,,'',1,10000,,'',1,10000,,'',1,10000,,'',1,10000,,'',1,10000,,'',1,10000,,'',1,10000,,'',1,10000,,'',1
'Blocking-Weekday-78-STAT-SUM23-1111100',100003300,54200,4,'',1,6100,4,'',1,3900,4,'',1,6000,4,'',1,2000,4,'',1,2000,4,'',1,6000,4,'',1,2100,4,'',1,2500,4,'',1,10000,4,'',1,10000,4,'',1,10000,4,'',1,10000,4,'',1,10000,4,'',1,10000,4,'',1,6200,4,'',1,3600,4,'',1,6600,4,'',1,3000,4,'',1,6000,4,'',1,2000,4,'',1,2000,4,'',1,6000,4,'',1
'Blocking-Weekday-78-STAT-SUM23-1111100',100003301,85000,,'',1,10000,,'',1,10000,,'',1,10000,,'',1,10000,,'',1,10000,,'',1,10000,,'',1,5500,,'',1,4500,,'',1,6600,0,'Pineview',1,2000,0,'Pineview',1,2000,0,'Pineview',1,6000,0,'Pineview',1,2000,0,'Pineview',1,2000,0,'Pineview',1,6000,0,'Pineview',1
'Blocking-Weekday-79-STAT-SUM23-1111100',100003300,54200,4,'',1,6100,4,'',1,3900,4,'',1,6000,4,'',1,2000,4,'',1,2000,4,'',1,6000,4,'',1,2100,4,'',1,2500,4,'',1,10000,4,'',1,10000,4,'',1,10000,4,'',1,10000,4,'',1,10000,4,'',1,10000,4,'',1,6200,4,'',1,3600,4,'',1,6600,4,'',1,3000,4,'',1,6000,4,'',1,2000,4,'',1,2000,4,'',1,6000,4,'',1
'Blocking-Weekday-79-STAT-SUM23-1111100',100003301,85000,,'',1,10000,,'',1,10000,,'',1,10000,,'',1,10000,,'',1,10000,,'',1,10000,,'',1,5500,,'',1,4500,,'',1,6600,0,'Pineview',1,2000,0,'Pineview',1,2000,0,'Pineview',1,6000,0,'Pineview',1,2000,0,'Pineview',1,2000,0,'Pineview',1,6000,0,'Pineview',1
