20103,1439,1,0
20103,1123,2,0
20103,1280,3,0
20103,1496,4,0
20103,1120,5,0
20103,1262,6,0
20103,1620,7,0
20103,1622,8,0
20103,1903,9,0
20103,1898,10,0
20103,1973,11,0
20103,1989,12,0
20103,1797,13,0
20103,1904,14,0
20103,1669,15,0
20103,1947,16,0
20103,1759,17,0
20103,1604,18,0
20103,6227,19,0
20103,6550,20,0
20103,6533,21,0
20103,6226,22,0
20103,6152,23,0
20103,6673,24,0
20103,6161,25,0
20103,915,26,0
20103,959,27,1
20104,959,1,0
20104,917,2,0
20104,6273,3,0
20104,6760,4,0
20104,6488,5,0
20104,6540,6,0
20104,6388,7,0
20104,6272,8,0
20104,5173,9,0
20104,5356,10,0
20104,1716,11,0
20104,1847,12,0
20104,1994,13,0
20104,1951,14,0
20104,1426,15,0
20104,1439,16,0
20104,1123,17,0
20104,1280,18,1
20200,958,1,0
20200,917,2,0
20200,6273,3,0
20200,6760,4,0
20200,6488,5,0
20200,6540,6,0
20200,6388,7,0
20200,6272,8,0
20200,1223,9,0
20200,1226,10,0
20200,1107,11,1
20201,1107,1,0
20201,1024,2,0
20201,1227,3,0
20201,6227,4,0
20201,6550,5,0
20201,6533,6,0
20201,6226,7,0
20201,6152,8,0
20201,6673,9,0
20201,6161,10,0
20201,951,11,1
20300,957,1,0
20300,919,2,0
20300,6273,3,0
20300,6760,4,0
20300,6488,5,0
20300,6540,6,0
20300,6388,7,0
20300,6272,8,0
20300,5173,9,0
20300,5356,10,0
20300,5083,11,0
20300,5211,12,0
20300,1107,13,1
20301,1107,1,0
20301,5207,2,0
20301,1947,3,0
20301,1759,4,0
20301,1604,5,0
20301,6227,6,0
20301,6550,7,0
20301,6533,8,0
20301,6226,9,0
20301,6152,10,0
20301,6592,11,0
20301,597,12,0
20301,923,13,0
20301,444,14,0
20301,957,15,0
20301,953,16,1
20500,952,1,0
20500,921,2,0
20500,659,3,0
20500,6207,4,0
20500,6188,5,0
20500,8191,6,0
20500,8122,7,0
20500,8483,8,0
20500,8497,9,0
20500,8395,10,0
20500,8861,11,0
20500,8917,12,0
20500,8952,13,0
20500,8765,14,0
20500,8838,15,0
20500,8752,16,0
20500,5794,17,0
20500,5011,18,1
20501,5011,1,0
20501,55848,2,0
20501,8506,3,0
20501,8742,4,0
20501,8662,5,0
20501,8693,6,0
20501,8882,7,0
20501,8944,8,0
20501,8731,9,0
20501,8936,10,0
20501,8851,11,0
20501,8935,12,0
20501,8686,13,0
20501,8864,14,0
20501,8165,15,0
20501,6196,16,0
20501,6134,17,0
20501,597,18,0
20501,923,19,0
20501,444,20,0
20501,953,21,0
20501,952,22,1
20800,1302,1,0
20800,1794,2,0
20800,1711,3,0
20800,1903,4,0
20800,1898,5,0
20800,1989,6,0
20800,960,7,1
20801,960,1,0
20801,917,2,0
20801,1824,3,0
20801,1643,4,0
20801,1964,5,0
20801,1941,6,0
20801,1304,7,1
100100,974,1,0
100100,117,2,0
100100,119,3,0
100100,121,4,0
100100,495,5,0
100100,105,6,0
100100,107,7,0
100100,109,8,0
100100,111,9,0
100100,113,10,0
100100,115,11,0
100100,5,12,0
100100,7,13,0
100100,9,14,0
100100,11,15,0
100100,13,16,0
100100,15,17,0
100100,17,18,0
100100,19,19,0
100100,21,20,0
100100,759,21,0
100100,757,22,0
100100,515,23,0
100100,525,24,0
100100,557,25,0
100100,751,26,0
100100,747,27,0
100100,743,28,0
100100,739,29,0
100100,735,30,0
100100,731,31,0
100100,727,32,0
100100,27,33,0
100100,29,34,0
100100,31,35,0
100100,956,36,1
100101,956,1,0
100101,33,2,0
100101,35,3,0
100101,37,4,0
100101,729,5,0
100101,733,6,0
100101,643,7,0
100101,737,8,0
100101,741,9,0
100101,745,10,0
100101,749,11,0
100101,753,12,0
100101,523,13,0
100101,513,14,0
100101,755,15,0
100101,761,16,0
100101,45,17,0
100101,47,18,0
100101,49,19,0
100101,51,20,0
100101,53,21,0
100101,55,22,0
100101,57,23,0
100101,59,24,0
100101,61,25,0
100101,63,26,0
100101,65,27,0
100101,254,28,0
100101,67,29,0
100101,767,30,0
100101,769,31,0
100101,371,32,0
100101,493,33,0
100101,373,34,0
100101,375,35,0
100101,377,36,0
100101,973,37,1
100400,953,1,0
100400,129,2,0
100400,973,3,0
100400,117,4,0
100400,119,5,0
100400,121,6,0
100400,495,7,0
100400,133,8,0
100400,135,9,0
100400,569,10,0
100400,137,11,0
100400,139,12,0
100400,775,13,0
100400,779,14,0
100400,781,15,0
100400,783,16,0
100400,785,17,0
100400,907,18,0
100400,789,19,0
100400,793,20,0
100400,711,21,0
100400,797,22,0
100400,989,23,0
100400,929,24,0
100400,801,25,0
100400,803,26,0
100400,501,27,0
100400,425,28,0
100400,427,29,0
100400,429,30,0
100400,431,31,0
100400,809,32,0
100400,811,33,0
100400,819,34,0
100400,393,35,0
100400,611,36,0
100400,439,37,0
100400,703,38,1
100501,973,1,0
100501,835,2,0
100501,833,3,0
100501,831,4,0
100501,903,5,0
100501,715,6,0
100501,419,7,0
100501,421,8,0
100501,807,9,0
100501,423,10,0
100501,507,11,0
100501,497,12,0
100501,499,13,0
100501,719,14,0
100501,805,15,0
100501,799,16,0
100501,927,17,0
100501,795,18,0
100501,717,19,0
100501,791,20,0
100501,787,21,0
100501,905,22,0
100501,149,23,0
100501,151,24,0
100501,153,25,0
100501,157,26,0
100501,777,27,0
100501,773,28,0
100501,721,29,0
100501,771,30,0
100501,103,31,0
100501,371,32,0
100501,493,33,0
100501,373,34,0
100501,375,35,0
100501,377,36,0
100501,169,37,0
100501,173,38,0
100501,175,39,0
100501,953,40,1
100600,951,1,0
100600,1,2,0
100600,3,3,0
100600,65,4,0
100600,254,5,0
100600,67,6,0
100600,69,7,0
100600,973,8,0
100600,837,9,0
100600,829,10,0
100600,827,11,0
100600,825,12,0
100600,823,13,0
100600,821,14,0
100600,391,15,0
100600,715,16,0
100600,419,17,0
100600,421,18,0
100600,807,19,0
100600,423,20,0
100600,507,21,0
100600,497,22,0
100600,499,23,0
100600,719,24,0
100600,805,25,0
100600,198,26,0
100600,214,27,0
100600,112,28,0
100600,71,29,0
100600,110,30,0
100600,320,31,0
100600,324,32,0
100600,224,33,0
100600,334,34,1
100601,334,1,0
100601,220,2,0
100601,222,3,0
100601,302,4,0
100601,114,5,0
100601,106,6,0
100601,108,7,0
100601,120,8,0
100601,212,9,0
100601,210,10,0
100601,803,11,0
100601,501,12,0
100601,425,13,0
100601,427,14,0
100601,429,15,0
100601,431,16,0
100601,809,17,0
100601,811,18,0
100601,819,19,0
100601,673,20,0
100601,675,21,0
100601,677,22,0
100601,679,23,0
100601,681,24,0
100601,683,25,0
100601,685,26,0
100601,839,27,0
100601,377,28,0
100601,973,29,0
100601,169,30,0
100601,111,31,0
100601,113,32,0
100601,115,33,0
100601,123,34,0
100601,125,35,0
100601,951,36,1
100700,973,1,0
100700,487,2,0
100700,899,3,0
100700,909,4,0
100700,999,5,0
100700,619,6,0
100700,931,7,0
100700,70,8,0
100700,945,9,0
100700,941,10,0
100700,981,11,0
100700,983,12,0
100700,22,13,0
100700,24,14,0
100700,26,15,0
100700,28,16,0
100700,30,17,0
100700,993,18,0
100700,965,19,0
100700,937,20,0
100700,32,21,0
100700,40,22,0
100700,34,23,0
100700,36,24,0
100700,38,25,0
100700,939,26,0
100700,695,27,0
100700,633,28,0
100700,397,29,0
100700,399,30,0
100700,489,31,0
100700,169,32,0
100700,173,33,0
100700,175,34,0
100700,959,35,1
100801,962,1,0
100801,129,2,0
100801,973,3,0
100801,689,4,0
100801,691,5,0
100801,693,6,0
100801,619,7,0
100801,931,8,0
100801,687,9,0
100801,2,10,0
100801,4,11,0
100801,6,12,0
100801,8,13,0
100801,10,14,0
100801,12,15,0
100801,849,16,0
100801,14,17,0
100801,991,18,0
100801,16,19,0
100801,118,20,0
100801,18,21,0
100801,20,22,0
100801,723,23,0
100801,843,24,0
100801,935,25,0
100801,943,26,0
100801,947,27,0
100801,695,28,0
100801,633,29,0
100801,663,30,0
100801,665,31,0
100801,505,32,0
100801,611,33,0
100801,439,34,0
100801,703,35,1
100900,972,1,0
100900,241,2,0
100900,243,3,0
100900,245,4,0
100900,247,5,0
100900,249,6,0
100900,251,7,0
100900,385,8,0
100900,387,9,0
100900,363,10,0
100900,855,11,0
100900,459,12,0
100900,461,13,0
100900,463,14,0
100900,465,15,0
100900,467,16,0
100900,56,17,0
100900,58,18,0
100900,60,19,0
100900,62,20,0
100900,64,21,0
100900,66,22,0
100900,997,23,0
100900,473,24,0
100900,583,25,0
100900,593,26,0
100900,351,27,0
100900,893,28,0
100900,267,29,0
100900,271,30,0
100900,273,31,0
100900,275,32,0
100900,651,33,0
100900,277,34,0
100900,279,35,0
100900,281,36,0
100900,283,37,0
100900,285,38,0
100900,955,39,1
100901,955,1,0
100901,599,2,0
100901,195,3,0
100901,197,4,0
100901,199,5,0
100901,201,6,0
100901,203,7,0
100901,205,8,0
100901,207,9,0
100901,209,10,0
100901,211,11,0
100901,213,12,0
100901,891,13,0
100901,291,14,0
100901,585,15,0
100901,581,16,0
100901,579,17,0
100901,995,18,0
100901,42,19,0
100901,46,20,0
100901,48,21,0
100901,50,22,0
100901,52,23,0
100901,54,24,0
100901,857,25,0
100901,859,26,0
100901,861,27,0
100901,987,28,0
100901,863,29,0
100901,865,30,0
100901,867,31,0
100901,869,32,0
100901,229,33,0
100901,617,34,0
100901,231,35,0
100901,233,36,0
100901,235,37,0
100901,237,38,0
100901,239,39,0
100901,972,40,1
101100,954,1,0
101100,323,2,0
101100,325,3,0
101100,407,4,0
101100,327,5,0
101100,329,6,0
101100,331,7,0
101100,333,8,0
101100,335,9,0
101100,887,10,0
101100,299,11,0
101100,301,12,0
101100,303,13,0
101100,305,14,0
101100,603,15,0
101100,307,16,0
101100,883,17,0
101100,881,18,0
101100,877,19,0
101100,873,20,0
101100,225,21,0
101100,411,22,0
101100,227,23,0
101100,229,24,0
101100,635,25,0
101100,257,26,0
101100,259,27,0
101100,261,28,0
101100,897,29,0
101100,275,30,0
101100,587,31,0
101100,353,32,0
101100,765,33,0
101100,69,34,0
101100,972,35,1
101101,972,1,0
101101,169,2,0
101101,763,3,0
101101,609,4,0
101101,289,5,0
101101,203,6,0
101101,895,7,0
101101,219,8,0
101101,221,9,0
101101,223,10,0
101101,251,11,0
101101,385,12,0
101101,255,13,0
101101,871,14,0
101101,473,15,0
101101,875,16,0
101101,879,17,0
101101,885,18,0
101101,339,19,0
101101,613,20,0
101101,341,21,0
101101,343,22,0
101101,345,23,0
101101,889,24,0
101101,311,25,0
101101,313,26,0
101101,315,27,0
101101,317,28,0
101101,319,29,0
101101,409,30,0
101101,321,31,0
101101,285,32,0
101101,954,33,1
101400,951,1,0
101400,1,2,0
101400,3,3,0
101400,65,4,0
101400,254,5,0
101400,67,6,0
101400,69,7,0
101400,974,8,0
101400,487,9,0
101400,899,10,0
101400,909,11,0
101400,667,12,0
101400,669,13,0
101400,671,14,0
101400,841,15,0
101400,300,16,0
101400,250,17,1
101401,250,1,0
101401,246,2,0
101401,244,3,0
101401,925,4,0
101401,68,5,0
101401,435,6,0
101401,847,7,0
101401,505,8,0
101401,611,9,0
101401,439,10,0
101401,703,11,0
101401,971,12,0
101401,169,13,0
101401,111,14,0
101401,113,15,0
101401,115,16,0
101401,123,17,0
101401,125,18,0
101401,951,19,1
102100,304,1,0
102100,306,2,0
102100,258,3,0
102100,86,4,0
102100,88,5,0
102100,90,6,0
102100,92,7,0
102100,94,8,0
102100,96,9,0
102100,98,10,0
102100,100,11,0
102100,254,12,0
102100,67,13,0
102100,763,14,0
102100,115,15,0
102100,123,16,0
102100,125,17,0
102100,953,18,1
102101,953,1,0
102101,1,2,0
102101,3,3,0
102101,65,4,0
102101,765,5,0
102101,111,6,0
102101,113,7,0
102101,72,8,0
102101,74,9,0
102101,76,10,0
102101,78,11,0
102101,80,12,0
102101,82,13,0
102101,228,14,0
102101,252,15,1
