'Blocking-Saturday-65-STAT-FAL23-0000010',100000600,63700,4,'',1,10000,4,'',1,10000,4,'',1,10000,4,'',1,10000,4,'',1,10000,4,'',1,10000,4,'',1,10000,4,'',1,10000,4,'',1,10000,4,'',1,10000,4,'',1,10000,4,'',1,10000,4,'',1
'Blocking-Saturday-65-STAT-FAL23-0000010',100000601,55500,,'',1,10000,,'',1,10000,,'',1,10000,,'',1,10000,,'',1,10000,,'',1,10000,,'',1,10000,,'',1,10000,,'',1,10000,,'',1,10000,,'',1,10000,,'',1,10000,,'',1
'Blocking-Saturday-70-STAT-FAL23-0000010',100000600,63700,4,'',1,10000,4,'',1,10000,4,'',1,10000,4,'',1,10000,4,'',1,10000,4,'',1,10000,4,'',1,10000,4,'',1,10000,4,'',1,10000,4,'',1,10000,4,'',1,10000,4,'',1,10000,4,'',1
'Blocking-Saturday-70-STAT-FAL23-0000010',100000601,55500,,'',1,10000,,'',1,10000,,'',1,10000,,'',1,10000,,'',1,10000,,'',1,10000,,'',1,10000,,'',1,10000,,'',1,10000,,'',1,10000,,'',1,10000,,'',1,10000,,'',1
'Blocking-Saturday-86-STAT-SUM23-0000010',100000600,63700,4,'',1,10000,4,'',1,10000,4,'',1,10000,4,'',1,10000,4,'',1,10000,4,'',1,10000,4,'',1,10000,4,'',1,10000,4,'',1,10000,4,'',1,10000,4,'',1,10000,4,'',1,10000,4,'',1
'Blocking-Saturday-86-STAT-SUM23-0000010',100000601,55500,,'',1,10000,,'',1,10000,,'',1,10000,,'',1,10000,,'',1,10000,,'',1,10000,,'',1,10000,,'',1,10000,,'',1,10000,,'',1,10000,,'',1,10000,,'',1,10000,,'',1
'Blocking-Weekday-60-STAT-FAL23-1111100',100000600,81700,4,'',1,4000,4,'',1,10000,4,'',1,10000,4,'',1,10000,4,'',1,10200,4,'',1,10000,4,'',1,10000,4,'',1,5800,4,'',1,4000,4,'',1,6200,4,'',1,1800,4,'',1,2000,4,'',1,6000,4,'',1,2100,4,'',1,2000,4,'',1,6100,4,'',1,2100,4,'',1
'Blocking-Weekday-60-STAT-FAL23-1111100',100000601,54500,,'',1,6000,,'',1,2000,,'',1,2000,,'',1,6000,,'',1,2000,,'',1,1800,,'',1,6000,,'',1,4000,,'',1,10000,,'',1,10000,,'',1,10000,,'',1,10000,,'',1,10000,,'',1,10000,,'',1,6000,,'',1,4000,,'',1,6000,,'',1,2000,,'',1,2000,,'',1,6000,,'',1,2000,,'',1,2000,,'',1,8000,,'',1
'Blocking-Weekday-61-STAT-FAL23-1111100',100000600,81700,4,'',1,4000,4,'',1,10000,4,'',1,10000,4,'',1,10000,4,'',1,10200,4,'',1,10000,4,'',1,10000,4,'',1,5800,4,'',1,4000,4,'',1,6200,4,'',1,1800,4,'',1,2000,4,'',1,6000,4,'',1,2100,4,'',1,2000,4,'',1,6100,4,'',1,2100,4,'',1
'Blocking-Weekday-61-STAT-FAL23-1111100',100000601,54500,,'',1,6000,,'',1,2000,,'',1,2000,,'',1,6000,,'',1,2000,,'',1,1800,,'',1,6000,,'',1,4000,,'',1,10000,,'',1,10000,,'',1,10000,,'',1,10000,,'',1,10000,,'',1,10000,,'',1,6000,,'',1,4000,,'',1,6000,,'',1,2000,,'',1,2000,,'',1,6000,,'',1,2000,,'',1,2000,,'',1,8000,,'',1
'Blocking-Weekday-78-STAT-FAL23-1111100',100000600,71900,4,'',1,3000,4,'',1,7000,4,'',1,3000,4,'',1,7000,4,'',1,10000,4,'',1,10000,4,'',1,10000,4,'',1,10000,4,'',1,10000,4,'',1,10000,4,'',1,10000,4,'',1,3000,4,'',1,7000,4,'',1,3000,4,'',1,7000,4,'',1
'Blocking-Weekday-78-STAT-FAL23-1111100',100000601,53900,,'',1,7000,,'',1,3000,,'',1,7000,,'',1,3000,,'',1,7000,,'',1,10000,,'',1,10000,,'',1,10000,,'',1,10000,,'',1,10000,,'',1,10000,,'',1,10000,,'',1,3000,,'',1,7000,,'',1,3000,,'',1,7000,,'',1,3000,,'',1,7000,,'',1
