'Blocking-Saturday-60-STAT-WIN23-0000010',20500,100500,4,'',1,10000,4,'',1,10000,4,'',1,10000,4,'',1,10000,4,'',1,10000,4,'',1,10000,4,'',1,10000,4,'',1,10000,4,'',1
'Blocking-Saturday-60-STAT-WIN23-0000010',20501,101500,,'',1,10000,,'',1,10000,,'',1,10000,,'',1,10000,,'',1,10000,,'',1,10000,,'',1,10000,,'',1,10000,,'',1
'Blocking-Saturday-72-STAT-WIN23-0000010',20500,100500,4,'',1,10000,4,'',1,10000,4,'',1,10000,4,'',1,10000,4,'',1,10000,4,'',1,10000,4,'',1,10000,4,'',1,10000,4,'',1
'Blocking-Saturday-72-STAT-WIN23-0000010',20501,101500,,'',1,10000,,'',1,10000,,'',1,10000,,'',1,10000,,'',1,10000,,'',1,10000,,'',1,10000,,'',1,10000,,'',1
'Blocking-Weekday-63-STAT-WIN23-1111100',20500,70400,4,'',1,3900,4,'',1,10000,4,'',1,9800,4,'',1,10100,4,'',1,10100,4,'',1,10100,4,'',1,10100,4,'',1,10400,4,'',1,9900,4,'',1,10100,4,'',1,7700,4,'',1,7700,4,'',1
'Blocking-Weekday-63-STAT-WIN23-1111100',20501,71400,,'',1,3700,,'',1,10100,,'',1,10000,,'',1,10000,,'',1,10000,,'',1,9900,,'',1,9900,,'',1,9900,,'',1,10300,,'',1,10100,,'',1,8500,,'',1,8000,,'',1
'Blocking-Weekday-68-STAT-WIN23-1111100',20500,70400,4,'',1,3900,4,'',1,10000,4,'',1,9800,4,'',1,10100,4,'',1,10100,4,'',1,10100,4,'',1,10100,4,'',1,10400,4,'',1,9900,4,'',1,10100,4,'',1,7700,4,'',1,7700,4,'',1
'Blocking-Weekday-68-STAT-WIN23-1111100',20501,71400,,'',1,3700,,'',1,10100,,'',1,10000,,'',1,10000,,'',1,10000,,'',1,9900,,'',1,9900,,'',1,9900,,'',1,10300,,'',1,10100,,'',1,8500,,'',1,8000,,'',1
'Blocking-Weekday-69-STAT-WIN23-1111100',20500,71300,4,'',1,10000,4,'',1,10000,4,'',1,10000,4,'',1,10000,4,'',1,10000,4,'',1,10000,4,'',1,10000,4,'',1,10000,4,'',1,10000,4,'',1,10000,4,'',1,10000,4,'',1
'Blocking-Weekday-69-STAT-WIN23-1111100',20501,71500,,'',1,10000,,'',1,10000,,'',1,10000,,'',1,10000,,'',1,10000,,'',1,10000,,'',1,10000,,'',1,10000,,'',1,10000,,'',1,10000,,'',1,10000,,'',1
'Blocking-Weekday-73-STAT-WIN23-1111100',20500,70400,4,'',1,3900,4,'',1,10000,4,'',1,9800,4,'',1,10100,4,'',1,10100,4,'',1,10100,4,'',1,10100,4,'',1,10400,4,'',1,9900,4,'',1,10100,4,'',1,7700,4,'',1,7700,4,'',1
'Blocking-Weekday-73-STAT-WIN23-1111100',20501,71400,,'',1,3700,,'',1,10100,,'',1,10000,,'',1,10000,,'',1,10000,,'',1,9900,,'',1,9900,,'',1,9900,,'',1,10300,,'',1,10100,,'',1,8500,,'',1,8000,,'',1
