'Blocking-Saturday-64-STAT-SPR23-0000010',100001400,71100,4,'',1,10000,4,'',1,10000,4,'',1,10000,4,'',1,10000,4,'',1,10000,4,'',1,10000,4,'',1,10000,4,'',1,10000,4,'',1,10000,4,'',1,10000,4,'',1,10000,4,'',1,9700,4,'',1,10000,4,'',1,10000,4,'',1,10000,4,'',1,10000,4,'',1
'Blocking-Saturday-64-STAT-SPR23-0000010',100001401,61400,,'',1,10000,,'',1,10000,,'',1,10000,,'',1,10000,,'',1,10000,,'',1,10000,,'',1,10000,,'',1,10000,,'',1,10000,,'',1,10000,,'',1,10000,,'',1,10000,,'',1,10000,,'',1,10000,,'',1,10000,,'',1,10000,,'',1,10000,,'',1
'Blocking-Saturday-66-STAT-MDW23-0000010',100001400,71100,4,'',1,10000,4,'',1,10000,4,'',1,10000,4,'',1,10000,4,'',1,10000,4,'',1,10000,4,'',1,10000,4,'',1,10000,4,'',1,10000,4,'',1,10000,4,'',1,10000,4,'',1,9700,4,'',1,10000,4,'',1,10000,4,'',1,10000,4,'',1,10000,4,'',1
'Blocking-Saturday-66-STAT-MDW23-0000010',100001401,61400,,'',1,10000,,'',1,10000,,'',1,10000,,'',1,10000,,'',1,10000,,'',1,10000,,'',1,10000,,'',1,10000,,'',1,10000,,'',1,10000,,'',1,10000,,'',1,10000,,'',1,10000,,'',1,10000,,'',1,10000,,'',1,10000,,'',1,10000,,'',1
'Blocking-Saturday-66-STAT-SPR23-0000010',100001400,71100,4,'',1,10000,4,'',1,10000,4,'',1,10000,4,'',1,10000,4,'',1,10000,4,'',1,10000,4,'',1,10000,4,'',1,10000,4,'',1,10000,4,'',1,10000,4,'',1,10000,4,'',1,9700,4,'',1,10000,4,'',1,10000,4,'',1,10000,4,'',1,10000,4,'',1
'Blocking-Saturday-66-STAT-SPR23-0000010',100001401,61400,,'',1,10000,,'',1,10000,,'',1,10000,,'',1,10000,,'',1,10000,,'',1,10000,,'',1,10000,,'',1,10000,,'',1,10000,,'',1,10000,,'',1,10000,,'',1,10000,,'',1,10000,,'',1,10000,,'',1,10000,,'',1,10000,,'',1,10000,,'',1
'Blocking-Saturday-75-STAT-SPR23-0000011',100001400,70900,4,'',1,10000,4,'',1,10000,4,'',1,10000,4,'',1,10000,4,'',1,10000,4,'',1,10000,4,'',1,10000,4,'',1,10000,4,'',1,10000,4,'',1,10000,4,'',1,10000,4,'',1
'Blocking-Saturday-75-STAT-SPR23-0000011',100001401,62000,,'',1,10000,,'',1,10000,,'',1,10000,,'',1,10000,,'',1,10000,,'',1,10000,,'',1,10000,,'',1,10000,,'',1,10000,,'',1,10000,,'',1,10000,,'',1,10000,,'',1
'Blocking-Sunday-74-STAT-MDW23-0000001',100001400,70900,4,'',1,10000,4,'',1,10000,4,'',1,10000,4,'',1,10000,4,'',1,10000,4,'',1,10000,4,'',1,10000,4,'',1,10000,4,'',1,10000,4,'',1,10000,4,'',1,10000,4,'',1
'Blocking-Sunday-74-STAT-MDW23-0000001',100001401,62000,,'',1,10000,,'',1,10000,,'',1,10000,,'',1,10000,,'',1,10000,,'',1,10000,,'',1,10000,,'',1,10000,,'',1,10000,,'',1,10000,,'',1,10000,,'',1,10000,,'',1
'Blocking-Sunday-74-STAT-SPR23-0000001',100001400,70900,4,'',1,10000,4,'',1,10000,4,'',1,10000,4,'',1,10000,4,'',1,10000,4,'',1,10000,4,'',1,10000,4,'',1,10000,4,'',1,10000,4,'',1,10000,4,'',1,10000,4,'',1
'Blocking-Sunday-74-STAT-SPR23-0000001',100001401,62000,,'',1,10000,,'',1,10000,,'',1,10000,,'',1,10000,,'',1,10000,,'',1,10000,,'',1,10000,,'',1,10000,,'',1,10000,,'',1,10000,,'',1,10000,,'',1,10000,,'',1
'Blocking-Weekday-63-STAT-SPR23-1111100',100001400,61800,4,'',1,2000,4,'',1,2000,4,'',1,7100,4,'',1,2000,4,'',1,6000,4,'',1,4000,4,'',1,5700,4,'',1,11100,4,'',1,10000,4,'',1,10000,4,'',1,10000,4,'',1,10000,4,'',1,9200,4,'',1,1900,4,'',1,2100,4,'',1,6000,4,'',1,2000,4,'',1,2000,4,'',1,6000,4,'',1,2000,4,'',1,2000,4,'',1,6000,4,'',1,2000,4,'',1,2000,4,'',1,6100,4,'',1,1500,4,'',1,3300,4,'',1,6700,4,'',1,10000,4,'',1,10000,4,'',1,10000,4,'',1
'Blocking-Weekday-63-STAT-SPR23-1111100',100001401,52800,,'',1,2000,,'',1,6000,,'',1,2000,,'',1,2000,,'',1,6000,,'',1,2100,,'',1,2000,,'',1,6000,,'',1,4000,,'',1,7000,,'',1,10000,,'',1,10000,,'',1,10000,,'',1,10000,,'',1,10000,,'',1,9000,,'',1,2400,,'',1,1600,,'',1,6000,,'',1,2000,,'',1,2000,,'',1,6000,,'',1,2000,,'',1,2000,,'',1,6000,,'',1,2000,,'',1,2000,,'',1,6100,,'',1,1900,,'',1,2900,,'',1,7100,,'',1,10000,,'',1,10000,,'',1,10000,,'',1
'Blocking-Weekday-80-STAT-MDW23-1111100',100001400,61800,4,'',1,2000,4,'',1,2000,4,'',1,7100,4,'',1,2000,4,'',1,6000,4,'',1,4000,4,'',1,5700,4,'',1,11100,4,'',1,10000,4,'',1,10000,4,'',1,10000,4,'',1,10000,4,'',1,9200,4,'',1,1900,4,'',1,2100,4,'',1,6000,4,'',1,2000,4,'',1,2000,4,'',1,6000,4,'',1,2000,4,'',1,2000,4,'',1,6000,4,'',1,2000,4,'',1,2000,4,'',1,6100,4,'',1,1500,4,'',1,3300,4,'',1,6700,4,'',1,10000,4,'',1,10000,4,'',1,10000,4,'',1
'Blocking-Weekday-80-STAT-MDW23-1111100',100001401,52800,,'',1,2000,,'',1,6000,,'',1,2000,,'',1,2000,,'',1,6000,,'',1,2100,,'',1,2000,,'',1,6000,,'',1,4000,,'',1,7000,,'',1,10000,,'',1,10000,,'',1,10000,,'',1,10000,,'',1,10000,,'',1,9000,,'',1,2400,,'',1,1600,,'',1,6000,,'',1,2000,,'',1,2000,,'',1,6000,,'',1,2000,,'',1,2000,,'',1,6000,,'',1,2000,,'',1,2000,,'',1,6100,,'',1,1900,,'',1,2900,,'',1,7100,,'',1,10000,,'',1,10000,,'',1,10000,,'',1
'Blocking-Weekday-81-STAT-MDW23-1111100',100001400,61800,4,'',1,2000,4,'',1,2000,4,'',1,7100,4,'',1,2000,4,'',1,6000,4,'',1,4000,4,'',1,5700,4,'',1,11100,4,'',1,10000,4,'',1,10000,4,'',1,10000,4,'',1,10000,4,'',1,9200,4,'',1,1900,4,'',1,2100,4,'',1,6000,4,'',1,2000,4,'',1,2000,4,'',1,6000,4,'',1,2000,4,'',1,2000,4,'',1,6000,4,'',1,2000,4,'',1,2000,4,'',1,6100,4,'',1,1500,4,'',1,3300,4,'',1,6700,4,'',1,10000,4,'',1,10000,4,'',1,10000,4,'',1
'Blocking-Weekday-81-STAT-MDW23-1111100',100001401,52800,,'',1,2000,,'',1,6000,,'',1,2000,,'',1,2000,,'',1,6000,,'',1,2100,,'',1,2000,,'',1,6000,,'',1,4000,,'',1,7000,,'',1,10000,,'',1,10000,,'',1,10000,,'',1,10000,,'',1,10000,,'',1,9000,,'',1,2400,,'',1,1600,,'',1,6000,,'',1,2000,,'',1,2000,,'',1,6000,,'',1,2000,,'',1,2000,,'',1,6000,,'',1,2000,,'',1,2000,,'',1,6100,,'',1,1900,,'',1,2900,,'',1,7100,,'',1,10000,,'',1,10000,,'',1,10000,,'',1
