'Blocking-Weekday-79-STAT-SUM23-1111100',21100,62500,,'',1,2000,,'',1,6000,,'',1
'Blocking-Saturday-64-STAT-SUM23-0000010',100000400,63000,,'',1,2600,4,'',1,7400,,'',1,2600,4,'',1,7400,,'',1,2600,4,'',1,7400,,'',1,2600,4,'',1,7400,,'',1,2600,4,'',1,7400,,'',1,2600,4,'',1,7400,,'',1,2600,4,'',1,7400,,'',1,2600,4,'',1,7400,,'',1,2600,4,'',1,7400,,'',1,2600,4,'',1,7400,,'',1,2600,4,'',1,7400,,'',1,2600,4,'',1
'Blocking-Weekday-79-STAT-SUM23-1111100',100000400,64300,,'',1,6800,4,'',1,400,,'',1,2000,,'',1,800,4,'',1,1200,,'',1,4800,4,'',1,2000,4,'',1,1300,,'',1,6500,4,'',1,500,,'',1,2500,4,'',1,7500,,'',1,2500,4,'',1,7500,,'',1,2500,4,'',1,7500,,'',1,2500,4,'',1,7500,,'',1,2500,4,'',1,400,,'',1,6700,4,'',1,3000,,'',1,2300,,'',1,4800,4,'',1,1900,4,'',1,1400,,'',1,2200,,'',1,4600,4,'',1,1200,,'',1,1000,4,'',1,1000,,'',1,800,4,'',1,1200,,'',1,4800,4,'',1,1200,,'',1,700,4,'',1,1300,,'',1,800,4,'',1,1300,,'',1,4700,4,'',1,1400,,'',1,500,4,'',1,2000,4,'',1
'Blocking-Saturday-64-STAT-SUM23-0000010',100000501,62800,4,'',1,3000,,'',1,7000,4,'',1,3000,,'',1,7000,4,'',1,3000,,'',1,7000,4,'',1,3000,,'',1,7000,4,'',1,3000,,'',1,7000,4,'',1,3000,,'',1,7000,4,'',1,3000,,'',1,7000,4,'',1,3000,,'',1,7000,4,'',1,3000,,'',1,7000,4,'',1,3000,,'',1,7000,4,'',1,3000,,'',1,7000,4,'',1,3000,,'',1,7000,4,'',1
'Blocking-Weekday-79-STAT-SUM23-1111100',100000501,54300,4,'',1,6000,4,'',1,2000,4,'',1,2000,4,'',1,1200,,'',1,4800,4,'',1,1200,,'',1,800,4,'',1,1200,,'',1,800,4,'',1,1200,,'',1,4800,4,'',1,2000,4,'',1,1200,,'',1,6800,4,'',1,3200,,'',1,6800,4,'',1,3200,,'',1,6800,4,'',1,3200,,'',1,6800,4,'',1,3200,,'',1,6800,4,'',1,3200,,'',1,6800,4,'',1,3400,,'',1,1800,,'',1,4800,4,'',1,2000,4,'',1,1200,,'',1,2200,,'',1,4600,4,'',1,1200,,'',1,1000,4,'',1,1000,,'',1,800,4,'',1,1200,,'',1,4800,4,'',1,1200,,'',1,800,4,'',1,1200,,'',1,800,4,'',1,1200,,'',1,4800,4,'',1,1200,,'',1,800,4,'',1,2000,4,'',1
'Blocking-Saturday-64-STAT-SUM23-0000010',100000600,61500,,'',1,10000,,'',1,10000,,'',1,10000,,'',1,10000,,'',1,10000,,'',1,10000,,'',1,10000,,'',1,10000,,'',1,10000,,'',1,10000,,'',1,10000,,'',1,10000,,'',1
'Blocking-Saturday-64-STAT-SUM23-0000010',100000601,61300,4,'',1,10000,4,'',1,10000,4,'',1,10000,4,'',1,10000,4,'',1,10000,4,'',1,10000,4,'',1,10000,4,'',1,10000,4,'',1,10000,4,'',1,10000,4,'',1,10000,4,'',1,10000,4,'',1
'Blocking-Weekday-79-STAT-SUM23-1111100',100000600,75500,,'',1,8000,,'',1,10000,,'',1,10000,,'',1,10000,,'',1,10200,,'',1,10000,,'',1,10000,,'',1,1800,,'',1,8000,,'',1,2200,,'',1,5800,,'',1,2000,,'',1,2000,,'',1,6100,,'',1,2000,,'',1,2100,,'',1,6100,,'',1
'Blocking-Weekday-79-STAT-SUM23-1111100',100000601,60300,4,'',1,2000,4,'',1,2000,4,'',1,6000,4,'',1,2000,4,'',1,2000,4,'',1,6000,4,'',1,2000,4,'',1,8000,4,'',1,10000,4,'',1,10000,4,'',1,10000,4,'',1,10000,4,'',1,10000,4,'',1,10000,4,'',1,2000,4,'',1,8000,4,'',1,2000,4,'',1,2000,4,'',1,6000,4,'',1,2000,4,'',1,2000,4,'',1,6000,4,'',1,4000,4,'',1
'Blocking-Saturday-64-STAT-SUM23-0000010',100000700,62800,4,'',1,10000,4,'',1,10000,4,'',1,10000,4,'',1,10000,4,'',1,10000,4,'',1,10000,4,'',1,10000,4,'',1,10000,4,'',1,10000,4,'',1,10000,4,'',1,10000,4,'',1,10000,4,'',1
'Blocking-Weekday-79-STAT-SUM23-1111100',100000700,60300,4,'',1,2000,4,'',1,2000,4,'',1,6000,4,'',1,2000,4,'',1,2000,4,'',1,6000,4,'',1,2000,4,'',1,8000,4,'',1,10000,4,'',1,10000,4,'',1,10000,4,'',1,10000,4,'',1,10000,4,'',1
'Blocking-Saturday-64-STAT-SUM23-0000010',100000801,65600,4,'',1,10000,4,'',1,10000,4,'',1,10000,4,'',1,10000,4,'',1,10000,4,'',1,10000,4,'',1,10000,4,'',1,10000,4,'',1,10000,4,'',1,10000,4,'',1,10000,4,'',1
'Blocking-Weekday-79-STAT-SUM23-1111100',100000801,90200,4,'',1,10000,4,'',1,10000,4,'',1,10000,4,'',1,10000,4,'',1,10000,4,'',1,10000,4,'',1,2000,4,'',1,8000,4,'',1,2000,4,'',1,2000,4,'',1,6100,4,'',1,1900,4,'',1,2000,4,'',1,6100,4,'',1,2200,4,'',1,1900,4,'',1
'Blocking-Saturday-64-STAT-SUM23-0000010',100001400,65800,,'',1,10000,,'',1,10000,,'',1,10000,,'',1,10000,,'',1,10000,,'',1,10000,,'',1,10000,,'',1,10000,,'',1,10000,,'',1,10000,,'',1,10000,,'',1,9700,,'',1,10000,,'',1,10000,,'',1,10000,,'',1,10000,,'',1
'Blocking-Saturday-64-STAT-SUM23-0000010',100001401,62800,4,'',1,10000,4,'',1,10000,4,'',1,10000,4,'',1,10000,4,'',1,10000,4,'',1,10000,4,'',1,10000,4,'',1,10000,4,'',1,10000,4,'',1,10000,4,'',1,10000,4,'',1,10000,4,'',1,10000,4,'',1,10000,4,'',1,10000,4,'',1,10000,4,'',1,10000,4,'',1
'Blocking-Sunday-74-STAT-SUM23-0000001',100001400,65700,,'',1,10000,,'',1,10000,,'',1,10000,,'',1,10000,,'',1,10000,,'',1,10000,,'',1,10000,,'',1,10000,,'',1,10000,,'',1,10000,,'',1,10000,,'',1
'Blocking-Sunday-74-STAT-SUM23-0000001',100001401,63300,4,'',1,10000,4,'',1,10000,4,'',1,10000,4,'',1,10000,4,'',1,10000,4,'',1,10000,4,'',1,10000,4,'',1,10000,4,'',1,10000,4,'',1,10000,4,'',1,10000,4,'',1,10000,4,'',1
'Blocking-Weekday-79-STAT-SUM23-1111100',100001400,60500,,'',1,2000,,'',1,2000,,'',1,7100,,'',1,2000,,'',1,2000,,'',1,8000,,'',1,1700,,'',1,15100,,'',1,10000,,'',1,10000,,'',1,10000,,'',1,10000,,'',1,5200,,'',1,5900,,'',1,2100,,'',1,2000,,'',1,6000,,'',1,2000,,'',1,2000,,'',1,6000,,'',1,2000,,'',1,2000,,'',1,6000,,'',1,2000,,'',1,2100,,'',1,5500,,'',1,3300,,'',1,6700,,'',1,10000,,'',1,10000,,'',1,10000,,'',1
'Blocking-Weekday-79-STAT-SUM23-1111100',100001401,54200,4,'',1,6000,4,'',1,2000,4,'',1,2000,4,'',1,6000,4,'',1,2000,4,'',1,2100,4,'',1,6000,4,'',1,2000,4,'',1,8000,4,'',1,3000,4,'',1,10000,4,'',1,10000,4,'',1,10000,4,'',1,10000,4,'',1,10000,4,'',1,9000,4,'',1,2400,4,'',1,5600,4,'',1,2000,4,'',1,2000,4,'',1,6000,4,'',1,2000,4,'',1,2000,4,'',1,6000,4,'',1,2000,4,'',1,2000,4,'',1,6000,4,'',1,2100,4,'',1,1900,4,'',1,6900,4,'',1,3100,4,'',1,10000,4,'',1,10000,4,'',1,10000,4,'',1
