'Blocking-Weekday-62-STAT-FAL23-1111100',20200,64100,4,'',1,6000,4,'',1,2000,4,'',1,2000,4,'',1,6200,4,'',1,2000,4,'',1,2200,4,'',1,6000,4,'',1,3600,4,'',1,10000,4,'',1,10000,4,'',1,10200,4,'',1,10000,4,'',1,10000,4,'',1,10000,4,'',1,6000,4,'',1,4200,4,'',1,6800,4,'',1,1100,4,'',1,2000,4,'',1,5700,4,'',1,2000,4,'',1,8000,4,'',1,2000,4,'',1
'Blocking-Weekday-62-STAT-FAL23-1111100',20201,65400,,'',1,6000,,'',1,4000,,'',1,9500,,'',1,10400,,'',1,10000,,'',1,10000,,'',1,10000,,'',1,10200,,'',1,5900,,'',1,3800,,'',1,6400,,'',1,2000,,'',1,2000,,'',1,5800,,'',1,1900,,'',1,2000,,'',1,6100,,'',1,2300,,'',1,1700,,'',1,6000,,'',1,1800,,'',1,7300,,'',1,2500,,'',1
'Blocking-Weekday-67-STAT-FAL23-1111100',20200,64100,4,'',1,6000,4,'',1,2000,4,'',1,2000,4,'',1,6200,4,'',1,2000,4,'',1,2200,4,'',1,6000,4,'',1,3600,4,'',1,10000,4,'',1,10000,4,'',1,10200,4,'',1,10000,4,'',1,10000,4,'',1,10000,4,'',1,6300,4,'',1,3900,4,'',1,6800,4,'',1,1100,4,'',1,2000,4,'',1,5700,4,'',1,2000,4,'',1,8000,4,'',1,2000,4,'',1
'Blocking-Weekday-67-STAT-FAL23-1111100',20201,65400,,'',1,6000,,'',1,4000,,'',1,9500,,'',1,10400,,'',1,10000,,'',1,10000,,'',1,10000,,'',1,10200,,'',1,5900,,'',1,3800,,'',1,6400,,'',1,2000,,'',1,2000,,'',1,5800,,'',1,1900,,'',1,2000,,'',1,6100,,'',1,2300,,'',1,1700,,'',1,6000,,'',1,1800,,'',1,7300,,'',1,2500,,'',1
'Blocking-Weekday-69-STAT-FAL23-1111100',20200,63600,4,'',1,7000,4,'',1,3000,4,'',1,7200,4,'',1,3000,4,'',1,7200,4,'',1,9600,4,'',1,10000,4,'',1,10000,4,'',1,10200,4,'',1,10000,4,'',1,10000,4,'',1,10000,4,'',1,3200,4,'',1,7600,4,'',1,2300,4,'',1,6700,4,'',1
'Blocking-Weekday-69-STAT-FAL23-1111100',20201,64700,,'',1,7000,,'',1,3000,,'',1,7000,,'',1,2800,,'',1,7400,,'',1,10000,,'',1,10000,,'',1,10000,,'',1,10100,,'',1,10000,,'',1,9900,,'',1,3000,,'',1,6800,,'',1,2600,,'',1,7300,,'',1,3200,,'',1,7000,,'',1
'Blocking-Weekday-80-STAT-FAL23-1111100',20200,64100,4,'',1,6000,4,'',1,2000,4,'',1,2000,4,'',1,6200,4,'',1,2000,4,'',1,2200,4,'',1,6000,4,'',1,3600,4,'',1,10000,4,'',1,10000,4,'',1,10200,4,'',1,10000,4,'',1,10000,4,'',1,10000,4,'',1,6000,4,'',1,4200,4,'',1,6800,4,'',1,1100,4,'',1,2000,4,'',1,5700,4,'',1,2000,4,'',1,8000,4,'',1,2000,4,'',1
'Blocking-Weekday-80-STAT-FAL23-1111100',20201,65400,,'',1,6000,,'',1,4000,,'',1,9500,,'',1,10400,,'',1,10000,,'',1,10000,,'',1,10000,,'',1,10200,,'',1,5900,,'',1,3800,,'',1,6400,,'',1,2000,,'',1,2000,,'',1,5800,,'',1,1900,,'',1,2000,,'',1,6100,,'',1,2300,,'',1,1700,,'',1,6000,,'',1,1800,,'',1,7300,,'',1,2500,,'',1
'Blocking-Weekday-81-STAT-FAL23-1111100',20200,64100,4,'',1,6000,4,'',1,2000,4,'',1,2000,4,'',1,6200,4,'',1,2000,4,'',1,2200,4,'',1,6000,4,'',1,3600,4,'',1,10000,4,'',1,10000,4,'',1,10200,4,'',1,10000,4,'',1,10000,4,'',1,10000,4,'',1,6300,4,'',1,3900,4,'',1,6800,4,'',1,1100,4,'',1,2000,4,'',1,5700,4,'',1,2000,4,'',1,8000,4,'',1,2000,4,'',1
'Blocking-Weekday-81-STAT-FAL23-1111100',20201,65400,,'',1,6000,,'',1,4000,,'',1,9500,,'',1,10400,,'',1,10000,,'',1,10000,,'',1,10000,,'',1,10200,,'',1,5900,,'',1,3800,,'',1,6400,,'',1,2000,,'',1,2000,,'',1,5800,,'',1,1900,,'',1,2000,,'',1,6100,,'',1,2300,,'',1,1700,,'',1,6000,,'',1,1800,,'',1,7300,,'',1,2500,,'',1
