'Blocking-Saturday-66-STAT-MDW23-0000010',20300,101000,4,'',1,10000,4,'',1,10000,4,'',1,10000,4,'',1,10000,4,'',1,10000,4,'',1,10000,4,'',1,10000,4,'',1,10000,4,'',1
'Blocking-Saturday-66-STAT-MDW23-0000010',20301,101300,,'',1,10000,,'',1,10000,,'',1,10000,,'',1,10000,,'',1,10000,,'',1,10000,,'',1,10000,,'',1,10000,,'',1
'Blocking-Weekday-80-STAT-MDW23-1111100',20300,64400,4,'',1,6000,4,'',1,2000,4,'',1,8100,4,'',1,2400,4,'',1,7700,4,'',1,4000,4,'',1,10000,4,'',1,10000,4,'',1,10000,4,'',1,10000,4,'',1,10000,4,'',1,9900,4,'',1,6100,4,'',1,4200,4,'',1,6000,4,'',1,1600,4,'',1,2000,4,'',1,6200,4,'',1,1700,4,'',1,2000,4,'',1,8000,4,'',1,10000,4,'',1,10000,4,'',1,10000,4,'',1,10000,4,'',1,10000,4,'',1
'Blocking-Weekday-80-STAT-MDW23-1111100',20301,64600,,'',1,6000,,'',1,4000,,'',1,10100,,'',1,10000,,'',1,10000,,'',1,10100,,'',1,10000,,'',1,10000,,'',1,5200,,'',1,4500,,'',1,10000,,'',1,8100,,'',1,2200,,'',1,7800,,'',1,1900,,'',1,7800,,'',1,3300,,'',1,6900,,'',1,10000,,'',1,10000,,'',1,10000,,'',1,10000,,'',1,10000,,'',1
'Blocking-Weekday-81-STAT-MDW23-1111100',20300,64400,4,'',1,6000,4,'',1,2000,4,'',1,8100,4,'',1,2400,4,'',1,7700,4,'',1,4000,4,'',1,10000,4,'',1,10000,4,'',1,10000,4,'',1,10000,4,'',1,10000,4,'',1,9900,4,'',1,6100,4,'',1,4200,4,'',1,6000,4,'',1,1600,4,'',1,2000,4,'',1,6200,4,'',1,1700,4,'',1,2000,4,'',1,8000,4,'',1,10000,4,'',1,10000,4,'',1,10000,4,'',1,10000,4,'',1,10000,4,'',1
'Blocking-Weekday-81-STAT-MDW23-1111100',20301,64600,,'',1,6000,,'',1,4000,,'',1,10100,,'',1,10000,,'',1,10000,,'',1,10100,,'',1,10000,,'',1,10000,,'',1,5200,,'',1,4500,,'',1,10000,,'',1,8100,,'',1,2200,,'',1,7800,,'',1,1900,,'',1,7800,,'',1,3300,,'',1,6900,,'',1,10000,,'',1,10000,,'',1,10000,,'',1,10000,,'',1,10000,,'',1
'Blocking-Weekday-80-STAT-MDW23-1111100',20400,74200,4,'',1,10400,4,'',1
'Blocking-Weekday-80-STAT-MDW23-1111100',20401,150600,,'',1,10300,,'',1,10100,,'',1,10300,,'',1
'Blocking-Weekday-81-STAT-MDW23-1111100',20400,74200,4,'',1,10400,4,'',1
'Blocking-Weekday-81-STAT-MDW23-1111100',20401,150600,,'',1,10300,,'',1,10100,,'',1,10300,,'',1
