20101,'Saturday-2',648,,4297,24,,,1,100,,4307,24,,,1,100,,4298,24,,,1,100,,4308,24,,,1,100,,4299,24,,,1,100,,4309,24,,,1,100,,4300,24,,,1,100,,4310,24,,,1,100,,4301,24,,,1,100,,4311,24,,,1,100,,4302,24,,,1,100,,4312,24,,,1,100,,4303,24,,,1,100,,4313,24,,,1,100,,4304,24,,,1,100,,4314,24,,,1,100,,4305,24,,,1
20101,'Sunday-3',646,,4316,24,,,1,100,,4323,24,,,1,100,,4317,24,,,1,100,,4324,24,,,1,100,,4318,24,,,1,100,,4325,24,,,1,100,,4319,24,,,1,100,,4326,24,,,1,100,,4320,24,,,1,100,,4327,24,,,1,100,,4321,24,,,1,100,,4328,24,,,1
20101,'Weekday-1',631,,4343,24,,,1,70,,4345,24,,,1,24,,4335,24,,,1,20,,4338,24,,,1,80,,4344,24,,,1,97,,4350,24,,,1,100,,4352,24,,,1,100,,4340,24,,,1,100,,4347,24,,,1,100,,4353,24,,,1,100,,4339,24,,,1,20,,4355,24,,,1,80,,4332,24,,,1,23,,4348,24,,,1,60,,4333,24,,,1,20,,4354,24,,,1,20,,4341,24,,,1,60,,4356,24,,,1,20,,4351,24,,,1,21,,4349,24,,,1,61,,4342,24,,,1,16,,4346,24,,,1,87,,4330,24,,,1,25,,4359,24,,,1,68,,4331,24,,,1,100,,4360,24,,,1,100,,4336,24,,,1,100,,4357,24,,,1
20301,'Weekday-1',725,,4447,10,,,1,20,,4454,10,,,1,80,,4457,10,,,1,97,,4448,10,,,1,100,,4445,10,,,1,100,,4444,10,,,1,100,,4449,10,,,1,100,,4458,10,,,1,100,,4455,10,,,1,20,,4450,10,,,1,80,,4446,10,,,1,23,,4451,10,,,1,82,,4460,10,,,1,18,,4456,10,,,1,60,,4442,10,,,1,22,,4459,10,,,1,19,,4452,10,,,1,61,,4461,10,,,1,16,,4453,10,,,1,24,,4443,10,,,1
100000900,'Weekday-1',704,,4758,2,,,1,23,,4750,2,,,1,880,,4755,2,,,1,20,,4751,2,,,1,21,,4753,2,,,1,59,,4756,2,,,1,20,,4752,2,,,1,21,,4754,2,,,1,61,,4757,2,,,1,20,,4749,2,,,1
100001300,'Weekday-1',1607,,4783,2,,,1,20,,4776,2,,,1,20,,4781,2,,,1,62,,4777,2,,,1,20,,4780,2,,,1,19,,4778,2,,,1,60,,4782,2,,,1,20,,4779,2,,,1
100003200,'Saturday-2',647,,4997,2,,,1,100,,4998,2,,,1,100,,4999,2,,,1,100,,5000,2,,,1,100,,4993,2,,,1,100,,4994,2,,,1,100,,5001,2,,,1,100,,5002,2,,,1,100,,4995,2,,,1,100,,4996,2,,,1,100,,5003,2,,,1,100,,5004,2,,,1
100003200,'Weekday-1',701,,5012,2,,,1,27,,5014,2,,,1,97,,5006,2,,,1,99,,5013,2,,,1,100,,5011,2,,,1,100,,5009,2,,,1,100,,5007,2,,,1,101,,5016,2,,,1,100,,5018,2,,,1,20,,5017,2,,,1,77,,5015,2,,,1,25,,5008,2,,,1,87,,5010,2,,,1
100003300,'Saturday-2',647,,5053,2,,,1,100,,5054,2,,,1,100,,5055,2,,,1,100,,5048,2,,,1,100,,5059,2,,,1,100,,5049,2,,,1,100,,5056,2,,,1,100,,5050,2,,,1,100,,5060,2,,,1,100,,5051,2,,,1,100,,5057,2,,,1,100,,5052,2,,,1
100003300,'Weekday-1',657,,5073,2,,,1,83,,5072,2,,,1,85,,5062,2,,,1,100,,5063,2,,,1,100,,5064,2,,,1,100,,5065,2,,,1,99,,5066,2,,,1,100,,5067,2,,,1,100,,5068,2,,,1,20,,5075,2,,,1,77,,5069,2,,,1,26,,5079,2,,,1
