20100,'Saturday-2',530,,4231,2,0,5,1,100,,4244,2,0,5,1,100,,4232,2,0,5,1,100,,4245,2,0,5,1,100,,4233,2,0,5,1,100,,4246,2,0,5,1,100,,4234,2,0,5,1,100,,4247,2,0,5,1,100,,4235,2,0,5,1,100,,4248,2,0,5,1,100,,4236,2,0,5,1,100,,4249,2,0,5,1,100,,4237,2,0,5,1,100,,4241,2,0,5,1,100,,4238,2,0,5,1,100,,4242,2,0,5,1,100,,4239,2,0,5,1,100,,4243,2,0,5,1,100,,4240,2,0,5,1
20100,'Saturday-4',530,,5112,2,0,5,1,100,,5125,2,0,5,1,100,,5113,2,0,5,1,100,,5126,2,0,5,1,100,,5114,2,0,5,1,100,,5127,2,0,5,1,100,,5115,2,0,5,1,100,,5128,2,0,5,1,100,,5116,2,0,5,1,100,,5129,2,0,5,1,100,,5117,2,0,5,1,100,,5130,2,0,5,1,100,,5118,2,0,5,1,100,,5122,2,0,5,1,100,,5119,2,0,5,1,100,,5123,2,0,5,1,100,,5120,2,0,5,1,100,,5124,2,0,5,1,100,,5121,2,0,5,1
20100,'Sunday-3',535,,4256,2,0,5,1,100,,4257,2,0,5,1,100,,4250,2,0,5,1,100,,4258,2,0,5,1,100,,4251,2,0,5,1,100,,4259,2,0,5,1,100,,4252,2,0,5,1,100,,4260,2,0,5,1,100,,4253,2,0,5,1,100,,4261,2,0,5,1,100,,4254,2,0,5,1,100,,4262,2,0,5,1,100,,4255,2,0,5,1,100,,4263,2,0,5,1
20100,'Sunday-93',535,,5137,2,0,5,1,100,,5138,2,0,5,1,100,,5131,2,0,5,1,100,,5139,2,0,5,1,100,,5132,2,0,5,1,100,,5140,2,0,5,1,100,,5133,2,0,5,1,100,,5141,2,0,5,1,100,,5134,2,0,5,1,100,,5142,2,0,5,1,100,,5135,2,0,5,1,100,,5143,2,0,5,1,100,,5136,2,0,5,1,100,,5144,2,0,5,1
20100,'Weekday-1',520,,4279,2,0,5,1,25,,4281,2,0,5,1,60,,4269,2,0,5,1,20,,4274,2,0,5,1,20,,4280,2,0,5,1,60,,4264,2,,,1,20,,4282,2,,,1,20,,4284,2,0,5,1,60,,4270,2,,,1,20,,4289,2,,,1,80,,4276,2,,,1,100,,4285,2,,,1,100,,4288,2,,,1,100,,4275,2,,,1,100,,4292,2,0,5,1,100,,4286,2,0,5,1,100,,4277,2,0,5,1,23,,4273,2,0,5,1,77,,4287,2,0,5,1,22,,4283,2,,,1,18,,4278,2,0,5,1,60,,4290,2,,,1,20,,4267,2,0,5,1,20,,4265,2,0,5,1,60,,4294,2,0,5,1,40,,4266,2,0,5,1,100,,4296,2,0,5,1,100,,4271,2,0,5,1,100,,4295,2,0,5,1,100,,4272,2,0,5,1,100,,4293,2,0,5,1
20200,'Weekday-1',605,,4370,2,,,1,20,,4367,2,,,1,20,,4378,2,,,1,60,,4377,2,,,1,20,,4372,2,,,1,20,,4361,2,,,1,60,,4371,2,,,1,20,,4365,2,,,1,80,,4380,2,,,1,100,,4376,2,,,1,100,,4368,2,,,1,100,,4374,2,,,1,100,,4379,2,,,1,100,,4381,2,,,1,100,,4362,2,,,1,23,,4373,2,,,1,77,,4364,2,,,1,22,,4369,2,,,1,18,,4366,2,,,1,60,,4375,2,,,1,20,,4363,2,,,1
20300,'Weekday-1',605,,4419,2,,,1,20,,4427,2,,,1,20,,4417,2,,,1,60,,4429,2,,,1,20,,4424,2,,,1,20,,4420,2,,,1,60,,4421,2,,,1,20,,4414,2,,,1,80,,4416,2,,,1,100,,4415,2,,,1,100,,4422,2,,,1,100,,4430,2,,,1,100,,4423,2,,,1,100,,4418,2,,,1,100,,4428,2,,,1,23,,4412,2,,,1,77,,4431,2,,,1,22,,4425,2,,,1,18,,4432,2,,,1,60,,4426,2,,,1,20,,4413,2,,,1
100002101,'Weekday-1',645,,4917,2,,,1,64,,4916,2,,,1,19,,4918,2,,,1
100003101,'Saturday-2',615,,4967,2,,,1,100,,4968,2,,,1,100,,4969,2,,,1,100,,4970,2,,,1,100,,4975,2,,,1,100,,4971,2,,,1,100,,4976,2,,,1,100,,4972,2,,,1,100,,4977,2,,,1,100,,4973,2,,,1,100,,4978,2,,,1,100,,4974,2,,,1,100,,4979,2,,,1
100003101,'Saturday-4',615,,5363,2,,,1,100,,5364,2,,,1,100,,5365,2,,,1,100,,5366,2,,,1,100,,5371,2,,,1,100,,5367,2,,,1,100,,5372,2,,,1,100,,5368,2,,,1,100,,5373,2,,,1,100,,5369,2,,,1,100,,5374,2,,,1,100,,5370,2,,,1,100,,5375,2,,,1
100003101,'Weekday-1',809,,4988,2,,,1,41,,4980,2,,,1,100,,4981,2,,,1,100,,4982,2,,,1,100,,4983,2,,,1,100,,4984,2,,,1,100,,4985,2,,,1,100,,4986,2,,,1,55,,4992,2,,,1,45,,4987,2,,,1,100,,4990,2,,,1,80,,4991,2,,,1,80,,4989,2,,,1
100003201,'Saturday-2',615,,5024,2,,,1,100,,5025,2,,,1,100,,5026,2,,,1,100,,5027,2,,,1,100,,5019,2,,,1,100,,5030,2,,,1,100,,5020,2,,,1,100,,5028,2,,,1,100,,5021,2,,,1,100,,5031,2,,,1,100,,5022,2,,,1,100,,5029,2,,,1,100,,5023,2,,,1
100003201,'Saturday-4',615,,5394,2,,,1,100,,5395,2,,,1,100,,5396,2,,,1,100,,5397,2,,,1,100,,5389,2,,,1,100,,5400,2,,,1,100,,5390,2,,,1,100,,5398,2,,,1,100,,5391,2,,,1,100,,5401,2,,,1,100,,5392,2,,,1,100,,5399,2,,,1,100,,5393,2,,,1
100003201,'Weekday-1',545,,5040,2,,,1,99,,5042,2,,,1,101,,5034,2,0,7,1,61,,5043,2,0,7,1,39,,5041,2,,,1,100,,5039,2,,,1,100,,5036,2,,,1,100,,5033,2,,,1,100,,5045,2,,,1,100,,5047,2,,,1,90,,5044,2,,,1,24,,5035,2,,,1,61,,5046,2,,,1,25,,5032,2,,,1
