20501,'Saturday-2',1043,,4490,21,4,,1,100,,4484,21,4,,1,100,,4491,21,4,,1,100,,4487,21,4,,1,100,,4488,21,4,,1,100,,4486,21,4,,1,100,,4492,21,4,,1,100,,4485,21,4,,1,100,,4489,21,4,,1
20501,'Weekday-1',741,,4502,21,4,,1,80,,4501,21,4,,1,97,,4493,21,4,,1,100,,4494,21,4,,1,100,,4495,21,4,,1,100,,4496,21,4,,1,100,,4497,21,4,,1,100,,4498,21,4,,1,99,,4499,21,4,,1,104,,4500,21,4,,1,100,,4504,21,4,,1,82,,4505,21,4,,1,40,,4503,21,4,,1
100000901,'Weekday-1',617,,4765,30,4,,1,20,,4766,30,4,,1,20,,4769,30,4,,1,60,,4759,30,4,,1,20,,4762,30,4,,1,20,,4770,30,4,,1,60,,4760,30,4,,1,20,,4761,30,4,,1,820,,4767,30,4,,1,60,,4763,30,4,,1,20,,4764,30,4,,1,20,,4768,30,4,,1
100001201,'Weekday-1',657,,4774,22,4,,1,80,,4775,22,4,,1,20,,4771,22,4,,1,60,,4773,22,4,,1,20,,4772,22,4,,1
100001300,'Weekday-1',1628,,4783,23,4,,1,20,,4776,23,4,,1,61,,4781,23,4,,1,22,,4777,23,4,,1,20,,4780,23,4,,1,61,,4778,23,4,,1,21,,4782,23,4,,1,15,,4779,23,4,,1
100002101,'Weekday-1',717,,4917,35,4,,1,21,,4916,35,4,,1,19,,4918,35,4,,1
100002200,'Weekday-1',557,,4920,21,4,,1,60,,4923,21,4,,1,20,,4921,21,4,,1,20,,4922,29,4,,1,160,,4919,29,4,,1
100002300,'Weekday-1',1657,,4926,28,4,,1,80,,4924,28,4,,1,80,,4925,28,4,,1
100002401,'Weekday-1',557,,4936,17,4,,1,60,,4937,17,4,,1,20,,4938,17,4,,1,20,,4940,20,4,,1,60,,4930,17,4,,1,20,,4939,20,4,,1,20,,4941,20,4,,1,60,,4935,20,4,,1,820,,4931,20,4,,1,20,,4927,20,4,,1,59,,4932,20,4,,1,21,,4928,20,4,,1,20,,4933,20,4,,1,60,,4929,20,4,,1,20,,4934,20,4,,1
100003101,'Saturday-2',643,,4967,29,4,,1,100,,4968,29,4,,1,100,,4969,29,4,,1,100,,4970,29,4,,1,100,,4975,29,4,,1,100,,4971,29,4,,1,100,,4976,29,4,,1,100,,4972,29,4,,1,100,,4977,29,4,,1,100,,4973,29,4,,1,100,,4978,29,4,,1,100,,4974,29,4,,1,100,,4979,29,4,,1
100003101,'Weekday-1',837,,4988,29,4,,1,81,,4980,29,4,,1,100,,4981,29,4,,1,100,,4982,29,4,,1,100,,4983,29,4,,1,100,,4984,29,4,,1,100,,4985,29,4,,1,100,,4986,29,4,,1,15,,4992,29,4,,1,85,,4987,29,4,,1,100,,4990,29,4,,1,40,,4991,29,4,,1,80,,4989,29,4,,1
100003201,'Saturday-2',643,,5024,32,4,,1,100,,5025,32,4,,1,100,,5026,32,4,,1,100,,5027,32,4,,1,100,,5019,32,4,,1,100,,5030,32,4,,1,100,,5020,32,4,,1,100,,5028,32,4,,1,100,,5021,32,4,,1,100,,5031,32,4,,1,100,,5022,32,4,,1,100,,5029,32,4,,1,100,,5023,32,4,,1
100003201,'Weekday-1',557,,5037,27,4,,1,60,,5040,32,4,,1,20,,5038,27,4,,1,80,,5042,32,4,,1,201,,5041,32,4,,1,100,,5039,32,4,,1,100,,5036,32,4,,1,100,,5033,32,4,,1,100,,5045,32,4,,1,100,,5047,32,4,,1,100,,5044,32,4,,1,20,,5035,32,4,,1,62,,5046,32,4,,1,18,,5032,32,4,,1
100003301,'Saturday-2',643,,5087,31,4,,1,100,,5088,31,4,,1,100,,5089,31,4,,1,100,,5090,31,4,,1,100,,5091,31,4,,1,100,,5083,31,4,,1,100,,5084,31,4,,1,100,,5092,31,4,,1,100,,5093,31,4,,1,100,,5085,31,4,,1,100,,5086,31,4,,1,100,,5094,31,4,,1,100,,5095,31,4,,1
100003301,'Weekday-1',918,,5096,31,4,,1,100,,5097,31,4,,1,100,,5098,31,4,,1,100,,5099,31,4,,1,100,,5100,31,4,,1,100,,5101,31,4,,1,100,,5102,31,4,,1,20,,5109,31,4,,1,80,,5105,31,4,,1
