20100,'Saturday-2',605,,4231,20,4,,1,100,,4244,20,4,,1,100,,4232,20,4,,1,100,,4245,20,4,,1,100,,4233,20,4,,1,100,,4246,20,4,,1,100,,4234,20,4,,1,100,,4247,20,4,,1,100,,4235,20,4,,1,100,,4248,20,4,,1,100,,4236,20,4,,1,100,,4249,20,4,,1,100,,4237,20,4,,1,100,,4241,20,4,,1,100,,4238,20,4,,1,100,,4242,20,4,,1,100,,4239,20,4,,1,100,,4243,20,4,,1,100,,4240,20,4,,1
20100,'Saturday-4',605,,5112,20,4,,1,100,,5125,20,4,,1,100,,5113,20,4,,1,100,,5126,20,4,,1,100,,5114,20,4,,1,100,,5127,20,4,,1,100,,5115,20,4,,1,100,,5128,20,4,,1,100,,5116,20,4,,1,100,,5129,20,4,,1,100,,5117,20,4,,1,100,,5130,20,4,,1,100,,5118,20,4,,1,100,,5122,20,4,,1,100,,5119,20,4,,1,100,,5123,20,4,,1,100,,5120,20,4,,1,100,,5124,20,4,,1,100,,5121,20,4,,1
20100,'Sunday-3',605,,4256,20,4,,1,100,,4257,20,4,,1,100,,4250,20,4,,1,100,,4258,20,4,,1,100,,4251,20,4,,1,100,,4259,20,4,,1,100,,4252,20,4,,1,100,,4260,20,4,,1,100,,4253,20,4,,1,100,,4261,20,4,,1,100,,4254,20,4,,1,100,,4262,20,4,,1,100,,4255,20,4,,1,100,,4263,20,4,,1
20100,'Sunday-93',605,,5137,20,4,,1,100,,5138,20,4,,1,100,,5131,20,4,,1,100,,5139,20,4,,1,100,,5132,20,4,,1,100,,5140,20,4,,1,100,,5133,20,4,,1,100,,5141,20,4,,1,100,,5134,20,4,,1,100,,5142,20,4,,1,100,,5135,20,4,,1,100,,5143,20,4,,1,100,,5136,20,4,,1,100,,5144,20,4,,1
20100,'Weekday-1',551,,4279,20,4,,1,70,,4281,20,4,,1,20,,4269,20,4,,1,60,,4274,20,4,,1,20,,4280,20,4,,1,30,,4264,20,,,1,64,,4282,20,,,1,20,,4284,20,4,,1,20,,4270,20,,,1,50,,4289,20,,,1,40,,4276,20,,,1,100,,4285,20,,,1,100,,4288,20,,,1,100,,4275,20,,,1,100,,4292,20,4,,1,107,,4286,20,4,,1,57,,4268,5,4,,1,18,,4291,5,4,,1,25,,4277,20,4,,1,66,,4273,20,4,,1,35,,4287,20,4,,1,54,,4283,20,,,1,22,,4278,20,4,,1,20,,4290,20,,,1,58,,4267,20,4,,1,24,,4265,20,4,,1,20,,4294,20,4,,1,70,,4266,20,4,,1,100,,4296,20,4,,1,100,,4271,20,4,,1,100,,4295,20,4,,1,100,,4272,20,4,,1,100,,4293,20,4,,1
20101,'Saturday-2',605,,4297,1,,,1,100,,4307,1,,,1,100,,4298,1,,,1,100,,4308,1,,,1,100,,4299,1,,,1,100,,4309,1,,,1,100,,4300,1,,,1,100,,4310,1,,,1,100,,4301,1,,,1,100,,4311,1,,,1,100,,4302,1,,,1,100,,4312,1,,,1,100,,4303,1,,,1,100,,4313,1,,,1,100,,4304,1,,,1,100,,4314,1,,,1,100,,4305,1,,,1,100,,4315,1,,,1,100,,4306,1,,,1
20101,'Saturday-4',605,,5145,1,,,1,100,,5155,1,,,1,100,,5146,1,,,1,100,,5156,1,,,1,100,,5147,1,,,1,100,,5157,1,,,1,100,,5148,1,,,1,100,,5158,1,,,1,100,,5149,1,,,1,100,,5159,1,,,1,100,,5150,1,,,1,100,,5160,1,,,1,100,,5151,1,,,1,100,,5161,1,,,1,100,,5152,1,,,1,100,,5162,1,,,1,100,,5153,1,,,1,100,,5163,1,,,1,100,,5154,1,,,1
20101,'Sunday-3',605,,4316,1,,,1,100,,4323,1,,,1,100,,4317,1,,,1,100,,4324,1,,,1,100,,4318,1,,,1,100,,4325,1,,,1,100,,4319,1,,,1,100,,4326,1,,,1,100,,4320,1,,,1,100,,4327,1,,,1,100,,4321,1,,,1,100,,4328,1,,,1,100,,4322,1,,,1,100,,4329,1,,,1
20101,'Sunday-93',605,,5164,1,,,1,100,,5171,1,,,1,100,,5165,1,,,1,100,,5172,1,,,1,100,,5166,1,,,1,100,,5173,1,,,1,100,,5167,1,,,1,100,,5174,1,,,1,100,,5168,1,,,1,100,,5175,1,,,1,100,,5169,1,,,1,100,,5176,1,,,1,100,,5170,1,,,1,100,,5177,1,,,1
20101,'Weekday-1',551,,4343,1,,,1,70,,4345,1,,,1,20,,4335,1,,,1,60,,4338,1,,,1,24,,4344,1,,,1,110,,4350,1,,,1,108,,4352,1,,,1,100,,4340,1,,,1,100,,4347,1,,,1,95,,4353,1,,,1,99,,4339,1,,,1,10,,4355,1,,,1,93,,4332,1,,,1,14,,4348,1,,,1,55,,4333,1,,,1,18,,4354,1,,,1,25,,4341,1,,,1,56,,4356,1,,,1,23,,4351,1,,,1,22,,4349,1,,,1,76,,4342,1,,,1,12,,4346,1,,,1,66,,4334,1,,,1,24,,4330,1,,,1,20,,4359,1,,,1,70,,4331,1,,,1,100,,4360,1,,,1,100,,4336,1,,,1,100,,4357,1,,,1,100,,4337,1,,,1,100,,4358,1,,,1
21100,'Weekday-1',704,,4520,5,,,1,19,,4522,5,,,1,25,,4521,5,,,1
21101,'Weekday-1',1522,,4527,1,,,1,80,,4526,1,,,1,20,,4525,1,,,1,14,,4523,1,,,1,66,,4524,1,,,1
