21100,'Weekday-1',625,,4520,1,,,1,20,,4522,1,,,1,60,,4521,1,,,1
100000300,'Weekday-1',603,,4528,15,4,,1,20,,4529,15,4,,1,20,,4530,15,4,,1,60,,4531,15,4,,1,20,,4532,15,4,,1,20,,4533,15,4,,1,60,,4534,15,4,,1,20,,4535,15,4,,1,20,,4536,15,4,,1,60,,4537,15,4,,1,651,,4538,15,4,,1,60,,4539,15,4,,1,20,,4540,15,4,,1,20,,4541,15,4,,1,60,,4542,15,4,,1,20,,4543,15,4,,1,20,,4544,15,4,,1,60,,4545,15,4,,1,20,,4547,15,4,,1,20,,4546,15,4,,1
100000400,'Saturday-2',630,,4555,1,,,1,26,,4555,37,4,,1,74,,4548,1,,,1,26,,4548,37,4,,1,74,,4556,1,,,1,26,,4556,37,4,,1,74,,4549,1,,,1,26,,4549,37,4,,1,74,,4552,1,,,1,26,,4552,37,4,,1,74,,4557,1,,,1,26,,4557,37,4,,1,74,,4550,1,,,1,26,,4550,37,4,,1,74,,4553,1,,,1,26,,4553,37,4,,1,74,,4558,1,,,1,26,,4558,37,4,,1,74,,4551,1,,,1,26,,4551,37,4,,1,74,,4554,1,,,1,26,,4554,37,4,,1,74,,4559,1,,,1,26,,4559,37,4,,1
100000400,'Weekday-1',603,,4567,14,4,,1,20,,4573,14,4,,1,20,,4578,14,4,,1,60,,4560,14,4,,1,7,,4576,37,4,,1,5,,4577,1,,,1,20,,4568,1,,,1,8,,4577,37,4,,1,12,,4571,1,,,1,48,,4568,37,4,,1,20,,4571,37,4,,1,13,,4572,1,,,1,65,,4572,37,4,,1,5,,4563,1,,,1,25,,4563,37,4,,1,75,,4574,1,,,1,25,,4574,37,4,,1,75,,4564,1,,,1,25,,4564,37,4,,1,75,,4580,1,,,1,25,,4580,37,4,,1,75,,4565,1,,,1,25,,4565,37,4,,1,4,,4566,1,,,1,67,,4566,37,4,,1,30,,4581,1,,,1,20,,4583,1,,,1,51,,4581,37,4,,1,23,,4583,37,4,,1,10,,4569,1,,,1,22,,4575,1,,,1,46,,4569,37,4,,1,12,,4561,1,,,1,10,,4575,37,4,,1,10,,4582,1,,,1,8,,4561,37,4,,1,12,,4584,1,,,1,48,,4582,37,4,,1,12,,4570,1,,,1,7,,4584,37,4,,1,13,,4585,1,,,1,8,,4570,37,4,,1,13,,4562,1,,,1,47,,4585,37,4,,1,14,,4579,1,,,1,5,,4562,37,4,,1,20,,4579,37,4,,1
100000501,'Saturday-2',628,,4598,32,4,,1,30,,4593,1,,,1,70,,4593,37,4,,1,30,,4586,1,,,1,70,,4586,37,4,,1,30,,4594,1,,,1,70,,4594,37,4,,1,30,,4587,1,,,1,70,,4587,37,4,,1,30,,4595,1,,,1,70,,4595,37,4,,1,30,,4588,1,,,1,70,,4588,37,4,,1,30,,4591,1,,,1,70,,4591,37,4,,1,30,,4596,1,,,1,70,,4596,37,4,,1,30,,4589,1,,,1,70,,4589,37,4,,1,30,,4592,1,,,1,70,,4592,37,4,,1,30,,4597,1,,,1,70,,4597,37,4,,1,30,,4590,1,,,1,70,,4590,37,4,,1
100000501,'Weekday-1',543,,4599,32,4,,1,60,,4601,32,4,,1,20,,4611,32,4,,1,20,,4610,32,4,,1,12,,4603,1,,,1,48,,4618,32,4,,1,12,,4619,1,,,1,8,,4603,37,4,,1,12,,4602,1,,,1,8,,4619,37,4,,1,12,,4620,1,,,1,48,,4602,37,4,,1,20,,4620,37,4,,1,12,,4621,1,,,1,68,,4621,37,4,,1,32,,4604,1,,,1,68,,4604,37,4,,1,32,,4624,1,,,1,68,,4624,37,4,,1,32,,4622,1,,,1,68,,4622,37,4,,1,32,,4608,1,,,1,68,,4608,37,4,,1,32,,4623,1,,,1,68,,4623,37,4,,1,30,,4605,1,,,1,25,,4612,1,,,1,45,,4605,37,4,,1,27,,4612,37,4,,1,5,,4613,1,,,1,22,,4606,1,,,1,46,,4613,37,4,,1,12,,4614,1,,,1,10,,4606,37,4,,1,10,,4607,1,,,1,8,,4614,37,4,,1,12,,4615,1,,,1,48,,4607,37,4,,1,12,,4609,1,,,1,8,,4615,37,4,,1,12,,4616,1,,,1,8,,4609,37,4,,1,12,,4600,1,,,1,48,,4616,37,4,,1,12,,4617,1,,,1,8,,4600,37,4,,1,20,,4617,37,4,,1
100000600,'Saturday-2',613,,4625,28,4,,1,100,,4626,28,4,,1,100,,4627,28,4,,1,100,,4628,28,4,,1,100,,4629,28,4,,1,100,,4630,28,4,,1,100,,4631,28,4,,1,100,,4632,28,4,,1,100,,4633,28,4,,1,100,,4634,28,4,,1,100,,4635,28,4,,1,100,,4636,28,4,,1,100,,4637,28,4,,1
100000600,'Weekday-1',603,,4649,28,4,,1,20,,4647,28,4,,1,20,,4650,28,4,,1,60,,4655,28,4,,1,20,,4646,28,4,,1,20,,4638,28,4,,1,60,,4645,28,4,,1,20,,4639,28,4,,1,80,,4653,28,4,,1,100,,4651,28,4,,1,100,,4648,28,4,,1,100,,4652,28,4,,1,100,,4656,28,4,,1,100,,4659,28,4,,1,100,,4642,28,4,,1,20,,4657,28,4,,1,80,,4644,28,4,,1,20,,4640,28,4,,1,20,,4658,28,4,,1,60,,4654,28,4,,1,20,,4660,28,4,,1,20,,4641,28,4,,1,60,,4643,28,4,,1,40,,4661,28,4,,1
100000601,'Saturday-2',615,,4662,1,,,1,100,,4663,1,,,1,100,,4664,1,,,1,100,,4665,1,,,1,100,,4666,1,,,1,100,,4667,1,,,1,100,,4668,1,,,1,100,,4669,1,,,1,100,,4670,1,,,1,100,,4671,1,,,1,100,,4672,1,,,1,100,,4673,1,,,1,100,,4674,1,,,1
100000601,'Weekday-1',755,,4684,1,,,1,80,,4681,1,,,1,100,,4680,1,,,1,100,,4683,1,,,1,100,,4687,1,,,1,102,,4689,1,,,1,100,,4678,1,,,1,100,,4690,1,,,1,22,,4679,1,,,1,76,,4688,1,,,1,22,,4685,1,,,1,58,,4692,1,,,1,20,,4675,1,,,1,20,,4676,1,,,1,61,,4682,1,,,1,20,,4691,1,,,1,21,,4686,1,,,1,61,,4677,1,,,1
100000700,'Saturday-2',628,,4693,24,4,,1,100,,4694,32,4,,1,100,,4695,32,4,,1,100,,4696,32,4,,1,100,,4697,32,4,,1,100,,4702,32,4,,1,100,,4698,32,4,,1,100,,4703,32,4,,1,100,,4699,32,4,,1,100,,4704,32,4,,1,100,,4700,32,4,,1,100,,4705,32,4,,1,100,,4701,32,4,,1
100000700,'Weekday-1',603,,4711,24,4,,1,20,,4715,24,4,,1,20,,4718,24,4,,1,60,,4719,24,4,,1,20,,4717,32,4,,1,20,,4706,32,4,,1,60,,4712,32,4,,1,20,,4708,32,4,,1,80,,4709,32,4,,1,100,,4707,32,4,,1,100,,4716,32,4,,1,100,,4714,32,4,,1,100,,4710,32,4,,1,100,,4713,32,4,,1
100000801,'Saturday-2',656,,4720,34,4,,1,100,,4721,34,4,,1,100,,4722,34,4,,1,100,,4723,34,4,,1,100,,4724,34,4,,1,100,,4725,34,4,,1,100,,4726,34,4,,1,100,,4727,34,4,,1,100,,4728,34,4,,1,100,,4729,34,4,,1,100,,4730,34,4,,1,100,,4731,34,4,,1
100000801,'Weekday-1',902,,4743,34,4,,1,100,,4747,34,4,,1,100,,4745,34,4,,1,100,,4739,34,4,,1,100,,4737,34,4,,1,100,,4734,34,4,,1,100,,4744,34,4,,1,24,,4748,34,4,,1,76,,4746,34,4,,1,20,,4742,34,4,,1,20,,4732,34,4,,1,61,,4741,34,4,,1,19,,4733,34,4,,1,21,,4738,34,4,,1,60,,4736,34,4,,1,22,,4740,34,4,,1,19,,4735,34,4,,1
100001400,'Saturday-2',628,,4793,13,4,,1,100,,4784,13,4,,1,100,,4794,13,4,,1,100,,4785,13,4,,1,100,,4795,13,4,,1,100,,4786,13,4,,1,100,,4796,13,4,,1,100,,4787,13,4,,1,100,,4797,13,4,,1,100,,4788,13,4,,1,100,,4798,13,4,,1,100,,4789,13,4,,1,100,,4799,13,4,,1,100,,4790,13,4,,1,100,,4800,13,4,,1,100,,4791,13,4,,1,100,,4801,13,4,,1,100,,4792,13,4,,1
100001400,'Sunday-3',633,,4808,13,4,,1,100,,4802,13,4,,1,100,,4809,13,4,,1,100,,4803,13,4,,1,100,,4810,13,4,,1,100,,4804,13,4,,1,100,,4811,13,4,,1,100,,4805,13,4,,1,100,,4812,13,4,,1,100,,4806,13,4,,1,100,,4813,13,4,,1,100,,4807,13,4,,1,100,,4814,13,4,,1
100001400,'Weekday-1',542,,4822,13,4,,1,60,,4830,13,4,,1,20,,4842,13,4,,1,20,,4831,13,4,,1,60,,4843,13,4,,1,20,,4829,13,4,,1,21,,4815,13,4,,1,60,,4828,13,4,,1,20,,4816,13,4,,1,80,,4817,13,4,,1,30,,4819,13,4,,1,100,,4841,13,4,,1,100,,4846,13,4,,1,100,,4826,13,4,,1,100,,4818,13,4,,1,100,,4834,13,4,,1,93,,4844,13,4,,1,21,,4835,13,4,,1,56,,4823,13,4,,1,20,,4847,13,4,,1,20,,4824,13,4,,1,60,,4832,13,4,,1,20,,4825,13,4,,1,20,,4833,13,4,,1,60,,4820,13,4,,1,20,,4845,13,4,,1,20,,4821,13,4,,1,60,,4839,13,4,,1,21,,4827,13,4,,1,19,,4836,13,4,,1,69,,4840,13,4,,1,31,,4837,13,4,,1,100,,4848,13,4,,1,100,,4838,13,4,,1,100,,4849,13,4,,1
100001401,'Saturday-2',658,,4850,1,,,1,100,,4859,1,,,1,100,,4851,1,,,1,100,,4860,1,,,1,100,,4852,1,,,1,100,,4861,1,,,1,100,,4853,1,,,1,100,,4862,1,,,1,100,,4854,1,,,1,100,,4863,1,,,1,100,,4855,1,,,1,100,,4864,1,,,1,97,,4856,1,,,1,100,,4865,1,,,1,100,,4858,1,,,1,100,,4866,1,,,1,100,,4857,1,,,1
100001401,'Sunday-3',657,,4867,1,,,1,100,,4873,1,,,1,100,,4868,1,,,1,100,,4874,1,,,1,100,,4869,1,,,1,100,,4875,1,,,1,100,,4870,1,,,1,100,,4876,1,,,1,100,,4871,1,,,1,100,,4877,1,,,1,100,,4872,1,,,1,100,,4878,1,,,1
100001401,'Weekday-1',605,,4893,1,,,1,20,,4904,1,,,1,20,,4892,1,,,1,71,,4880,1,,,1,20,,4891,1,,,1,20,,4881,1,,,1,80,,4882,1,,,1,68,,4883,1,,,1,100,,4903,1,,,1,100,,4907,1,,,1,100,,4890,1,,,1,100,,4879,1,,,1,100,,4900,1,,,1,53,,4905,1,,,1,58,,4902,1,,,1,21,,4886,1,,,1,20,,4908,1,,,1,60,,4887,1,,,1,20,,4895,1,,,1,20,,4888,1,,,1,60,,4894,1,,,1,20,,4884,1,,,1,20,,4906,1,,,1,60,,4885,1,,,1,20,,4898,1,,,1,21,,4889,1,,,1,55,,4899,1,,,1,33,,4901,1,,,1,67,,4896,1,,,1,100,,4909,1,,,1,100,,4897,1,,,1,100,,4910,1,,,1
