21101,'Weekday-1',1613,,4527,13,4,,1,40,,4526,13,4,,1,60,,4525,13,4,,1,20,,4523,13,4,,1,21,,4524,13,4,,1
100002100,'Weekday-1',1548,,4911,35,4,,1,82,,4912,35,4,,1,83,,4913,35,4,,1,39,,4914,35,4,,1,80,,4915,35,4,,1
100002101,'Weekday-1',645,,4917,1,,,1,64,,4916,1,,,1,19,,4918,1,,,1
100003100,'Saturday-2',613,,4942,30,4,,1,100,,4943,30,4,,1,100,,4944,30,4,,1,100,,4945,30,4,,1,100,,4950,30,4,,1,100,,4946,30,4,,1,100,,4951,30,4,,1,100,,4947,30,4,,1,100,,4952,30,4,,1,100,,4948,30,4,,1,100,,4953,30,4,,1,100,,4949,30,4,,1,100,,4954,30,4,,1
100003100,'Saturday-4',613,,5350,29,4,,1,100,,5351,29,4,,1,100,,5352,29,4,,1,100,,5353,29,4,,1,100,,5358,29,4,,1,100,,5354,29,4,,1,100,,5359,29,4,,1,100,,5355,29,4,,1,100,,5360,29,4,,1,100,,5356,29,4,,1,100,,5361,29,4,,1,100,,5357,30,4,,1,100,,5362,30,4,,1
100003100,'Weekday-1',732,,4965,30,4,,1,120,,4963,30,4,,1,96,,4956,30,4,,1,100,,4957,30,4,,1,100,,4958,30,4,,1,100,,4959,30,4,,1,100,,4960,30,4,,1,100,,4961,30,4,,1,62,,4964,30,4,,1,36,,4962,30,4,,1,66,,4966,30,4,,1,242,,4955,30,4,,1
100003101,'Saturday-2',615,,4967,1,,,1,100,,4968,1,,,1,100,,4969,1,,,1,100,,4970,1,,,1,100,,4975,1,,,1,100,,4971,1,,,1,100,,4976,1,,,1,100,,4972,1,,,1,100,,4977,1,,,1,100,,4973,1,,,1,100,,4978,1,,,1,100,,4974,1,,,1,100,,4979,1,,,1
100003101,'Saturday-4',615,,5363,1,,,1,100,,5364,1,,,1,100,,5365,1,,,1,100,,5366,1,,,1,100,,5371,1,,,1,100,,5367,1,,,1,100,,5372,1,,,1,100,,5368,1,,,1,100,,5373,1,,,1,100,,5369,1,,,1,100,,5374,1,,,1,100,,5370,1,,,1,100,,5375,1,,,1
100003101,'Weekday-1',809,,4988,1,,,1,41,,4980,1,,,1,100,,4981,1,,,1,100,,4982,1,,,1,100,,4983,1,,,1,100,,4984,1,,,1,100,,4985,1,,,1,100,,4986,1,,,1,55,,4992,1,,,1,45,,4987,1,,,1,100,,4990,1,,,1,80,,4991,1,,,1,80,,4989,1,,,1
100003200,'Saturday-2',613,,5005,18,4,,1,100,,4997,33,4,,1,100,,4998,33,4,,1,100,,4999,33,4,,1,100,,5000,33,4,,1,100,,4993,33,4,,1,100,,4994,33,4,,1,100,,5001,33,4,,1,100,,5002,33,4,,1,100,,4995,33,4,,1,100,,4996,33,4,,1,100,,5003,33,4,,1,100,,5004,33,4,,1
100003200,'Saturday-4',613,,5388,18,4,,1,100,,5380,33,4,,1,100,,5381,33,4,,1,100,,5382,33,4,,1,100,,5383,33,4,,1,100,,5376,33,4,,1,100,,5377,33,4,,1,100,,5384,33,4,,1,100,,5385,33,4,,1,100,,5378,33,4,,1,100,,5379,33,4,,1,100,,5386,33,4,,1,100,,5387,33,4,,1
100003200,'Weekday-1',735,,5012,33,4,,1,67,,5014,33,4,,1,52,,5006,33,4,,1,99,,5013,33,4,,1,100,,5011,33,4,,1,100,,5009,33,4,,1,100,,5007,33,4,,1,100,,5016,33,4,,1,103,,5018,33,4,,1,57,,5017,33,4,,1,42,,5015,33,4,,1,60,,5008,33,4,,1,87,,5010,33,4,,1
100003201,'Saturday-2',615,,5024,1,,,1,100,,5025,1,,,1,100,,5026,1,,,1,100,,5027,1,,,1,100,,5019,1,,,1,100,,5030,1,,,1,100,,5020,1,,,1,100,,5028,1,,,1,100,,5021,1,,,1,100,,5031,1,,,1,100,,5022,1,,,1,100,,5029,1,,,1,100,,5023,1,,,1
100003201,'Saturday-4',615,,5394,1,,,1,100,,5395,1,,,1,100,,5396,1,,,1,100,,5397,1,,,1,100,,5389,1,,,1,100,,5400,1,,,1,100,,5390,1,,,1,100,,5398,1,,,1,100,,5391,1,,,1,100,,5401,1,,,1,100,,5392,1,,,1,100,,5399,1,,,1,100,,5393,1,,,1
100003201,'Weekday-1',545,,5040,1,,,1,99,,5042,1,,,1,101,,5034,1,0,7,1,61,,5043,1,0,7,1,39,,5041,1,,,1,100,,5039,1,,,1,100,,5036,1,,,1,100,,5033,1,,,1,100,,5045,1,,,1,100,,5047,1,,,1,90,,5044,1,,,1,24,,5035,1,,,1,61,,5046,1,,,1,25,,5032,1,,,1
100003300,'Saturday-2',613,,5058,15,4,,1,100,,5053,32,4,,1,100,,5054,32,4,,1,100,,5055,32,4,,1,100,,5048,32,4,,1,100,,5059,32,4,,1,100,,5049,32,4,,1,100,,5056,32,4,,1,100,,5050,32,4,,1,100,,5060,32,4,,1,100,,5051,32,4,,1,100,,5057,32,4,,1,100,,5052,32,4,,1
100003300,'Saturday-4',613,,5412,15,4,,1,100,,5407,32,4,,1,100,,5408,32,4,,1,100,,5409,32,4,,1,100,,5402,32,4,,1,100,,5413,32,4,,1,100,,5403,32,4,,1,100,,5410,32,4,,1,100,,5404,32,4,,1,100,,5414,32,4,,1,100,,5405,32,4,,1,100,,5411,32,4,,1,100,,5406,32,4,,1
100003300,'Weekday-1',603,,5077,15,4,,1,39,,5080,15,4,,1,60,,5061,15,4,,1,20,,5073,32,4,,1,20,,5070,15,4,,1,61,,5072,32,4,,1,20,,5071,15,4,,1,25,,5062,32,4,,1,100,,5063,32,4,,1,100,,5064,32,4,,1,100,,5065,32,4,,1,100,,5066,32,4,,1,100,,5067,32,4,,1,100,,5068,32,4,,1,62,,5075,32,4,,1,36,,5069,32,4,,1,66,,5079,32,4,,1,30,,5078,15,4,,1,60,,5082,15,4,,1,20,,5081,15,4,,1,20,,5074,15,4,,1,60,,5076,15,4,,1
100003301,'Saturday-2',615,,5087,1,,,1,100,,5088,1,,,1,100,,5089,1,,,1,100,,5090,1,,,1,100,,5091,1,,,1,100,,5083,1,,,1,100,,5084,1,,,1,100,,5092,1,,,1,100,,5093,1,,,1,100,,5085,1,,,1,100,,5086,1,,,1,100,,5094,1,,,1,100,,5095,1,,,1
100003301,'Saturday-4',615,,5419,1,,,1,100,,5420,1,,,1,100,,5421,1,,,1,100,,5422,1,,,1,100,,5423,1,,,1,100,,5415,1,,,1,100,,5416,1,,,1,100,,5424,1,,,1,100,,5425,1,,,1,100,,5417,1,,,1,100,,5418,1,,,1,100,,5426,1,,,1,100,,5427,1,,,1
100003301,'Weekday-1',850,,5096,1,,,1,100,,5097,1,,,1,100,,5098,1,,,1,100,,5099,1,,,1,100,,5100,1,,,1,100,,5101,1,,,1,100,,5102,1,,,1,55,,5109,1,,,1,45,,5105,1,,,1,66,,5108,1,0,10,1,20,,5111,1,0,10,1,20,,5110,1,0,10,1,60,,5106,1,0,10,1,20,,5107,1,0,10,1,20,,5104,1,0,10,1,60,,5103,1,0,10,1
