20100,'Saturday-2',530,,4231,1,0,5,1,100,,4244,1,0,5,1,100,,4232,1,0,5,1,100,,4245,1,0,5,1,100,,4233,1,0,5,1,100,,4246,1,0,5,1,100,,4234,1,0,5,1,100,,4247,1,0,5,1,100,,4235,1,0,5,1,100,,4248,1,0,5,1,100,,4236,1,0,5,1,100,,4249,1,0,5,1,100,,4237,1,0,5,1,100,,4241,1,0,5,1,100,,4238,1,0,5,1,100,,4242,1,0,5,1,100,,4239,1,0,5,1,100,,4243,1,0,5,1,100,,4240,1,0,5,1
20100,'Sunday-3',535,,4256,1,0,5,1,100,,4257,1,0,5,1,100,,4250,1,0,5,1,100,,4258,1,0,5,1,100,,4251,1,0,5,1,100,,4259,1,0,5,1,100,,4252,1,0,5,1,100,,4260,1,0,5,1,100,,4253,1,0,5,1,100,,4261,1,0,5,1,100,,4254,1,0,5,1,100,,4262,1,0,5,1,100,,4255,1,0,5,1,100,,4263,1,0,5,1
20100,'Weekday-1',520,,4279,1,0,5,1,25,,4281,1,0,5,1,60,,4269,1,0,5,1,20,,4274,1,0,5,1,20,,4280,1,0,5,1,60,,4264,1,,,1,20,,4282,1,,,1,20,,4284,1,0,5,1,60,,4270,1,,,1,20,,4289,1,,,1,80,,4276,1,,,1,100,,4285,1,,,1,100,,4288,1,,,1,100,,4275,1,,,1,100,,4292,1,0,5,1,100,,4286,1,0,5,1,100,,4277,1,0,5,1,23,,4273,1,0,5,1,77,,4287,1,0,5,1,22,,4283,1,,,1,18,,4278,1,0,5,1,60,,4290,1,,,1,20,,4267,1,0,5,1,20,,4265,1,0,5,1,60,,4294,1,0,5,1,40,,4266,1,0,5,1,100,,4296,1,0,5,1,100,,4271,1,0,5,1,100,,4295,1,0,5,1,100,,4272,1,0,5,1,100,,4293,1,0,5,1
20101,'Saturday-2',655,,4297,27,4,,1,100,,4307,27,4,,1,100,,4298,27,4,,1,100,,4308,27,4,,1,100,,4299,27,4,,1,100,,4309,27,4,,1,100,,4300,27,4,,1,100,,4310,27,4,,1,100,,4301,27,4,,1,100,,4311,27,4,,1,100,,4302,27,4,,1,100,,4312,27,4,,1,100,,4303,27,4,,1,100,,4313,27,4,,1,100,,4304,27,4,,1,100,,4314,27,4,,1,100,,4305,27,4,,1
20101,'Sunday-3',653,,4316,27,4,,1,100,,4323,27,4,,1,100,,4317,27,4,,1,100,,4324,27,4,,1,100,,4318,27,4,,1,100,,4325,27,4,,1,100,,4319,27,4,,1,100,,4326,27,4,,1,100,,4320,27,4,,1,100,,4327,27,4,,1,100,,4321,27,4,,1,100,,4328,27,4,,1
20101,'Weekday-1',638,,4343,27,4,,1,70,,4345,27,4,,1,25,,4335,27,4,,1,20,,4338,27,4,,1,80,,4344,27,4,,1,97,,4350,27,4,,1,100,,4352,27,4,,1,100,,4340,27,4,,1,100,,4347,27,4,,1,100,,4353,27,4,,1,100,,4339,27,4,,1,20,,4355,27,4,,1,80,,4332,27,4,,1,23,,4348,27,4,,1,60,,4333,27,4,,1,20,,4354,27,4,,1,20,,4341,27,4,,1,60,,4356,27,4,,1,20,,4351,27,4,,1,21,,4349,27,4,,1,61,,4342,27,4,,1,15,,4346,27,4,,1,88,,4330,27,4,,1,25,,4359,27,4,,1,65,,4331,27,4,,1,100,,4360,27,4,,1,100,,4336,27,4,,1,100,,4357,27,4,,1
20200,'Weekday-1',605,,4370,1,,,1,20,,4367,1,,,1,20,,4378,1,,,1,60,,4377,1,,,1,20,,4372,1,,,1,20,,4361,1,,,1,60,,4371,1,,,1,20,,4365,1,,,1,80,,4380,1,,,1,100,,4376,1,,,1,100,,4368,1,,,1,100,,4374,1,,,1,100,,4379,1,,,1,100,,4381,1,,,1,100,,4362,1,,,1,23,,4373,1,,,1,77,,4364,1,,,1,22,,4369,1,,,1,18,,4366,1,,,1,60,,4375,1,,,1,20,,4363,1,,,1
20201,'Weekday-1',733,,4390,21,4,,1,20,,4386,21,4,,1,80,,4397,21,4,,1,97,,4391,21,4,,1,100,,4401,21,4,,1,100,,4394,21,4,,1,100,,4387,21,4,,1,100,,4395,21,4,,1,100,,4400,21,4,,1,20,,4399,21,4,,1,80,,4402,21,4,,1,23,,4398,21,4,,1,60,,4389,21,4,,1,20,,4392,21,4,,1,20,,4382,21,4,,1,60,,4393,21,4,,1,20,,4384,21,4,,1,21,,4388,21,4,,1,61,,4385,21,4,,1,18,,4396,21,4,,1,19,,4383,21,4,,1
20300,'Weekday-1',605,,4419,1,,,1,20,,4427,1,,,1,20,,4417,1,,,1,60,,4429,1,,,1,20,,4424,1,,,1,20,,4420,1,,,1,60,,4421,1,,,1,20,,4414,1,,,1,80,,4416,1,,,1,100,,4415,1,,,1,100,,4422,1,,,1,100,,4430,1,,,1,100,,4423,1,,,1,100,,4418,1,,,1,100,,4428,1,,,1,23,,4412,1,,,1,77,,4431,1,,,1,22,,4425,1,,,1,18,,4432,1,,,1,60,,4426,1,,,1,20,,4413,1,,,1
20301,'Weekday-1',733,,4447,13,4,,1,20,,4454,13,4,,1,80,,4457,13,4,,1,97,,4448,13,4,,1,100,,4445,13,4,,1,100,,4444,13,4,,1,100,,4449,13,4,,1,100,,4458,13,4,,1,100,,4455,13,4,,1,20,,4450,13,4,,1,80,,4446,13,4,,1,23,,4451,13,4,,1,81,,4460,13,4,,1,19,,4456,13,4,,1,60,,4442,13,4,,1,21,,4459,13,4,,1,20,,4452,13,4,,1,61,,4461,13,4,,1,15,,4453,13,4,,1,25,,4443,13,4,,1
20800,'Weekday-1',605,,4507,1,,,1,20,,4508,1,,,1,20,,4509,1,,,1,60,,4511,1,,,1,20,,4506,1,,,1,20,,4510,1,,,1,60,,4512,1,,,1
20801,'Weekday-1',1553,,4517,11,4,,1,60,,4513,11,4,,1,20,,4518,11,4,,1,20,,4519,11,4,,1,60,,4516,11,4,,1,20,,4515,11,4,,1,21,,4514,11,4,,1
