100000400,'Saturday-2',652,,4555,36,,,1,100,,4548,36,,,1,100,,4556,36,,,1,100,,4549,36,,,1,100,,4552,36,,,1,100,,4557,36,,,1,100,,4550,36,,,1,100,,4553,36,,,1,100,,4558,36,,,1,100,,4551,36,,,1,100,,4554,36,,,1,100,,4559,36,,,1
100000400,'Saturday-4',652,,5221,36,,,1,100,,5214,36,,,1,100,,5222,36,,,1,100,,5215,36,,,1,100,,5218,36,,,1,100,,5223,36,,,1,100,,5216,36,,,1,100,,5219,36,,,1,100,,5224,36,,,1,100,,5217,36,,,1,100,,5220,36,,,1,100,,5225,36,,,1
100000400,'Weekday-1',559,,4567,13,,,1,60,,4573,13,,,1,20,,4578,13,,,1,20,,4560,13,,,1,47,,4576,36,,,1,34,,4577,36,,,1,60,,4568,36,,,1,20,,4571,36,,,1,38,,4572,36,,,1,70,,4563,36,,,1,100,,4574,36,,,1,100,,4564,36,,,1,100,,4580,36,,,1,100,,4565,36,,,1,31,,4566,36,,,1,100,,4581,36,,,1,64,,4583,36,,,1,36,,4569,36,,,1,62,,4575,36,,,1,19,,4561,36,,,1,60,,4582,36,,,1,20,,4584,36,,,1,19,,4570,36,,,1,20,,4585,36,,,1,60,,4562,36,,,1,20,,4579,36,,,1
100000801,'Saturday-2',652,,4720,33,,,1,100,,4721,33,,,1,100,,4722,33,,,1,100,,4723,33,,,1,100,,4724,33,,,1,100,,4725,33,,,1,100,,4726,33,,,1,100,,4727,33,,,1,100,,4728,33,,,1,100,,4729,33,,,1,100,,4730,33,,,1,100,,4731,33,,,1
100000801,'Saturday-4',652,,5278,33,,,1,100,,5279,33,,,1,100,,5280,33,,,1,100,,5281,33,,,1,100,,5282,33,,,1,100,,5283,33,,,1,100,,5284,33,,,1,100,,5285,33,,,1,100,,5286,33,,,1,100,,5287,33,,,1,100,,5288,33,,,1,100,,5289,33,,,1
100000801,'Weekday-1',858,,4743,33,,,1,100,,4747,33,,,1,100,,4745,33,,,1,100,,4739,33,,,1,100,,4737,33,,,1,100,,4734,33,,,1,100,,4744,33,,,1,63,,4748,33,,,1,36,,4746,33,,,1,60,,4742,33,,,1,20,,4732,33,,,1,21,,4741,33,,,1,59,,4733,33,,,1,21,,4738,33,,,1,20,,4736,33,,,1,62,,4740,33,,,1,19,,4735,33,,,1
100001400,'Saturday-2',625,,4793,12,,,1,100,,4784,12,,,1,100,,4794,12,,,1,100,,4785,12,,,1,100,,4795,12,,,1,100,,4786,12,,,1,100,,4796,12,,,1,100,,4787,12,,,1,100,,4797,12,,,1,100,,4788,12,,,1,100,,4798,12,,,1,100,,4789,12,,,1,100,,4799,12,,,1,100,,4790,12,,,1,100,,4800,12,,,1,100,,4791,12,,,1,100,,4801,12,,,1,100,,4792,12,,,1
100001400,'Saturday-4',625,,5299,12,,,1,100,,5290,12,,,1,100,,5300,12,,,1,100,,5291,12,,,1,100,,5301,12,,,1,100,,5292,12,,,1,100,,5302,12,,,1,100,,5293,12,,,1,100,,5303,12,,,1,100,,5294,12,,,1,100,,5304,12,,,1,100,,5295,12,,,1,100,,5305,12,,,1,100,,5296,12,,,1,100,,5306,12,,,1,100,,5297,12,,,1,100,,5307,12,,,1,100,,5298,12,,,1
100001400,'Sunday-3',630,,4808,12,,,1,100,,4802,12,,,1,100,,4809,12,,,1,100,,4803,12,,,1,100,,4810,12,,,1,100,,4804,12,,,1,100,,4811,12,,,1,100,,4805,12,,,1,100,,4812,12,,,1,100,,4806,12,,,1,100,,4813,12,,,1,100,,4807,12,,,1,100,,4814,12,,,1
100001400,'Sunday-93',630,,5314,12,,,1,100,,5308,12,,,1,100,,5315,12,,,1,100,,5309,12,,,1,100,,5316,12,,,1,100,,5310,12,,,1,100,,5317,12,,,1,100,,5311,12,,,1,100,,5318,12,,,1,100,,5312,12,,,1,100,,5319,12,,,1,100,,5313,12,,,1,100,,5320,12,,,1
100001400,'Weekday-1',539,,4822,12,,,1,20,,4830,12,,,1,60,,4842,12,,,1,20,,4831,12,,,1,20,,4843,12,,,1,60,,4829,12,,,1,21,,4815,12,,,1,60,,4828,12,,,1,20,,4816,12,,,1,80,,4817,12,,,1,30,,4819,12,,,1,100,,4841,12,,,1,100,,4846,12,,,1,100,,4826,12,,,1,100,,4818,12,,,1,100,,4834,12,,,1,92,,4844,12,,,1,22,,4835,12,,,1,56,,4823,12,,,1,20,,4847,12,,,1,20,,4824,12,,,1,60,,4832,12,,,1,20,,4825,12,,,1,20,,4833,12,,,1,60,,4820,12,,,1,20,,4845,12,,,1,20,,4821,12,,,1,60,,4839,12,,,1,21,,4827,12,,,1,19,,4836,12,,,1,69,,4840,12,,,1,31,,4837,12,,,1,100,,4848,12,,,1,100,,4838,12,,,1,100,,4849,12,,,1
