100000400,'Saturday-2',651,,4555,35,,,1,100,,4548,35,,,1,100,,4556,35,,,1,100,,4549,35,,,1,100,,4552,35,,,1,100,,4557,35,,,1,100,,4550,35,,,1,100,,4553,35,,,1,100,,4558,35,,,1,100,,4551,35,,,1,100,,4554,35,,,1,100,,4559,35,,,1
100000400,'Saturday-4',651,,5221,35,,,1,100,,5214,35,,,1,100,,5222,35,,,1,100,,5215,35,,,1,100,,5218,35,,,1,100,,5223,35,,,1,100,,5216,35,,,1,100,,5219,35,,,1,100,,5224,35,,,1,100,,5217,35,,,1,100,,5220,35,,,1,100,,5225,35,,,1
100000400,'Weekday-1',558,,4567,12,,,1,60,,4573,12,,,1,20,,4578,12,,,1,20,,4560,12,,,1,47,,4576,35,,,1,34,,4577,35,,,1,20,,4568,35,,,1,60,,4571,35,,,1,39,,4572,35,,,1,70,,4563,35,,,1,100,,4574,35,,,1,100,,4564,35,,,1,100,,4580,35,,,1,100,,4565,35,,,1,30,,4566,35,,,1,100,,4581,35,,,1,64,,4583,35,,,1,36,,4569,35,,,1,62,,4575,35,,,1,19,,4561,35,,,1,20,,4582,35,,,1,60,,4584,35,,,1,18,,4570,35,,,1,20,,4585,35,,,1,61,,4562,35,,,1,20,,4579,35,,,1
100000801,'Saturday-2',650,,4720,32,,,1,100,,4721,32,,,1,100,,4722,32,,,1,100,,4723,32,,,1,100,,4724,32,,,1,100,,4725,32,,,1,100,,4726,32,,,1,100,,4727,32,,,1,100,,4728,32,,,1,100,,4729,32,,,1,100,,4730,32,,,1,100,,4731,32,,,1
100000801,'Saturday-4',650,,5278,32,,,1,100,,5279,32,,,1,100,,5280,32,,,1,100,,5281,32,,,1,100,,5282,32,,,1,100,,5283,32,,,1,100,,5284,32,,,1,100,,5285,32,,,1,100,,5286,32,,,1,100,,5287,32,,,1,100,,5288,32,,,1,100,,5289,32,,,1
100000801,'Weekday-1',857,,4743,32,,,1,100,,4747,32,,,1,100,,4745,32,,,1,100,,4739,32,,,1,100,,4737,32,,,1,100,,4734,32,,,1,100,,4744,32,,,1,62,,4748,32,,,1,36,,4746,32,,,1,60,,4742,32,,,1,20,,4732,32,,,1,21,,4741,32,,,1,59,,4733,32,,,1,22,,4738,32,,,1,19,,4736,32,,,1,62,,4740,32,,,1,19,,4735,32,,,1
100001400,'Saturday-2',624,,4793,11,,,1,100,,4784,11,,,1,100,,4794,11,,,1,100,,4785,11,,,1,100,,4795,11,,,1,100,,4786,11,,,1,100,,4796,11,,,1,100,,4787,11,,,1,100,,4797,11,,,1,100,,4788,11,,,1,100,,4798,11,,,1,100,,4789,11,,,1,100,,4799,11,,,1,100,,4790,11,,,1,100,,4800,11,,,1,100,,4791,11,,,1,100,,4801,11,,,1,100,,4792,11,,,1
100001400,'Saturday-4',624,,5299,11,,,1,100,,5290,11,,,1,100,,5300,11,,,1,100,,5291,11,,,1,100,,5301,11,,,1,100,,5292,11,,,1,100,,5302,11,,,1,100,,5293,11,,,1,100,,5303,11,,,1,100,,5294,11,,,1,100,,5304,11,,,1,100,,5295,11,,,1,100,,5305,11,,,1,100,,5296,11,,,1,100,,5306,11,,,1,100,,5297,11,,,1,100,,5307,11,,,1,100,,5298,11,,,1
100001400,'Sunday-3',630,,4808,11,,,1,100,,4802,11,,,1,100,,4809,11,,,1,100,,4803,11,,,1,100,,4810,11,,,1,100,,4804,11,,,1,100,,4811,11,,,1,100,,4805,11,,,1,100,,4812,11,,,1,100,,4806,11,,,1,100,,4813,11,,,1,100,,4807,11,,,1,100,,4814,11,,,1
100001400,'Sunday-93',630,,5314,11,,,1,100,,5308,11,,,1,100,,5315,11,,,1,100,,5309,11,,,1,100,,5316,11,,,1,100,,5310,11,,,1,100,,5317,11,,,1,100,,5311,11,,,1,100,,5318,11,,,1,100,,5312,11,,,1,100,,5319,11,,,1,100,,5313,11,,,1,100,,5320,11,,,1
100001400,'Weekday-1',538,,4822,11,,,1,20,,4830,11,,,1,60,,4842,11,,,1,20,,4831,11,,,1,20,,4843,11,,,1,60,,4829,11,,,1,21,,4815,11,,,1,20,,4828,11,,,1,60,,4816,11,,,1,40,,4817,11,,,1,70,,4819,11,,,1,100,,4841,11,,,1,100,,4846,11,,,1,100,,4826,11,,,1,100,,4818,11,,,1,100,,4834,11,,,1,92,,4844,11,,,1,22,,4835,11,,,1,16,,4823,11,,,1,60,,4847,11,,,1,20,,4824,11,,,1,20,,4832,11,,,1,60,,4825,11,,,1,20,,4833,11,,,1,20,,4820,11,,,1,60,,4845,11,,,1,20,,4821,11,,,1,20,,4839,11,,,1,61,,4827,11,,,1,19,,4836,11,,,1,69,,4840,11,,,1,31,,4837,11,,,1,100,,4848,11,,,1,100,,4838,11,,,1,100,,4849,11,,,1
