100000400,'Saturday-2',649,,4555,34,,,1,100,,4548,34,,,1,100,,4556,34,,,1,100,,4549,34,,,1,100,,4552,34,,,1,100,,4557,34,,,1,100,,4550,34,,,1,100,,4553,34,,,1,100,,4558,34,,,1,100,,4551,34,,,1,100,,4554,34,,,1,100,,4559,34,,,1
100000400,'Saturday-4',649,,5221,34,,,1,100,,5214,34,,,1,100,,5222,34,,,1,100,,5215,34,,,1,100,,5218,34,,,1,100,,5223,34,,,1,100,,5216,34,,,1,100,,5219,34,,,1,100,,5224,34,,,1,100,,5217,34,,,1,100,,5220,34,,,1,100,,5225,34,,,1
100000400,'Weekday-1',556,,4567,11,,,1,60,,4573,11,,,1,20,,4578,11,,,1,20,,4560,11,,,1,47,,4576,34,,,1,34,,4577,34,,,1,20,,4568,34,,,1,60,,4571,34,,,1,39,,4572,34,,,1,70,,4563,34,,,1,100,,4574,34,,,1,100,,4564,34,,,1,100,,4580,34,,,1,100,,4565,34,,,1,29,,4566,34,,,1,101,,4581,34,,,1,63,,4583,34,,,1,35,,4569,34,,,1,62,,4575,34,,,1,20,,4561,34,,,1,20,,4582,34,,,1,60,,4584,34,,,1,18,,4570,34,,,1,20,,4585,34,,,1,61,,4562,34,,,1,21,,4579,34,,,1
100000801,'Saturday-2',647,,4720,31,,,1,100,,4721,31,,,1,100,,4722,31,,,1,100,,4723,31,,,1,100,,4724,31,,,1,100,,4725,31,,,1,100,,4726,31,,,1,100,,4727,31,,,1,100,,4728,31,,,1,100,,4729,31,,,1,100,,4730,31,,,1,100,,4731,31,,,1
100000801,'Saturday-4',647,,5278,31,,,1,100,,5279,31,,,1,100,,5280,31,,,1,100,,5281,31,,,1,100,,5282,31,,,1,100,,5283,31,,,1,100,,5284,31,,,1,100,,5285,31,,,1,100,,5286,31,,,1,100,,5287,31,,,1,100,,5288,31,,,1,100,,5289,31,,,1
100000801,'Weekday-1',854,,4743,31,,,1,100,,4747,31,,,1,100,,4745,31,,,1,101,,4739,31,,,1,100,,4737,31,,,1,100,,4734,31,,,1,100,,4744,31,,,1,61,,4748,31,,,1,36,,4746,31,,,1,60,,4742,31,,,1,20,,4732,31,,,1,21,,4741,31,,,1,59,,4733,31,,,1,21,,4738,31,,,1,20,,4736,31,,,1,62,,4740,31,,,1,19,,4735,31,,,1
100001400,'Saturday-2',622,,4793,10,,,1,100,,4784,10,,,1,100,,4794,10,,,1,100,,4785,10,,,1,100,,4795,10,,,1,100,,4786,10,,,1,100,,4796,10,,,1,100,,4787,10,,,1,100,,4797,10,,,1,100,,4788,10,,,1,100,,4798,10,,,1,100,,4789,10,,,1,100,,4799,10,,,1,100,,4790,10,,,1,100,,4800,10,,,1,100,,4791,10,,,1,100,,4801,10,,,1,100,,4792,10,,,1
100001400,'Saturday-4',622,,5299,10,,,1,100,,5290,10,,,1,100,,5300,10,,,1,100,,5291,10,,,1,100,,5301,10,,,1,100,,5292,10,,,1,100,,5302,10,,,1,100,,5293,10,,,1,100,,5303,10,,,1,100,,5294,10,,,1,100,,5304,10,,,1,100,,5295,10,,,1,100,,5305,10,,,1,100,,5296,10,,,1,100,,5306,10,,,1,100,,5297,10,,,1,100,,5307,10,,,1,100,,5298,10,,,1
100001400,'Sunday-3',628,,4808,10,,,1,100,,4802,10,,,1,100,,4809,10,,,1,100,,4803,10,,,1,100,,4810,10,,,1,100,,4804,10,,,1,100,,4811,10,,,1,100,,4805,10,,,1,100,,4812,10,,,1,100,,4806,10,,,1,100,,4813,10,,,1,100,,4807,10,,,1,100,,4814,10,,,1
100001400,'Sunday-93',628,,5314,10,,,1,100,,5308,10,,,1,100,,5315,10,,,1,100,,5309,10,,,1,100,,5316,10,,,1,100,,5310,10,,,1,100,,5317,10,,,1,100,,5311,10,,,1,100,,5318,10,,,1,100,,5312,10,,,1,100,,5319,10,,,1,100,,5313,10,,,1,100,,5320,10,,,1
100001400,'Weekday-1',536,,4822,10,,,1,20,,4830,10,,,1,60,,4842,10,,,1,20,,4831,10,,,1,20,,4843,10,,,1,60,,4829,10,,,1,21,,4815,10,,,1,20,,4828,10,,,1,60,,4816,10,,,1,40,,4817,10,,,1,70,,4819,10,,,1,100,,4841,10,,,1,100,,4846,10,,,1,100,,4826,10,,,1,100,,4818,10,,,1,100,,4834,10,,,1,92,,4844,10,,,1,22,,4835,10,,,1,16,,4823,10,,,1,60,,4847,10,,,1,20,,4824,10,,,1,20,,4832,10,,,1,60,,4825,10,,,1,20,,4833,10,,,1,20,,4820,10,,,1,60,,4845,10,,,1,20,,4821,10,,,1,20,,4839,10,,,1,61,,4827,10,,,1,19,,4836,10,,,1,69,,4840,10,,,1,31,,4837,10,,,1,100,,4848,10,,,1,100,,4838,10,,,1,100,,4849,10,,,1
