20100,'Saturday-2',530,,4216,1,0,5,1,100,,4229,1,0,5,1,100,,4217,1,0,5,1,100,,4230,1,0,5,1,100,,4218,1,0,5,1,100,,4231,1,0,5,1,100,,4219,1,0,5,1,100,,4232,1,0,5,1,100,,4220,1,0,5,1,100,,4233,1,0,5,1,100,,4221,1,0,5,1,100,,4234,1,0,5,1,100,,4222,1,0,5,1,100,,4226,1,0,5,1,100,,4223,1,0,5,1,100,,4227,1,0,5,1,100,,4224,1,0,5,1,100,,4228,1,0,5,1,100,,4225,1,0,5,1
20100,'Saturday-4',530,,4235,1,0,5,1,100,,4248,1,0,5,1,100,,4236,1,0,5,1,100,,4249,1,0,5,1,100,,4237,1,0,5,1,100,,4250,1,0,5,1,100,,4238,1,0,5,1,100,,4251,1,0,5,1,100,,4239,1,0,5,1,100,,4252,1,0,5,1,100,,4240,1,0,5,1,100,,4253,1,0,5,1,100,,4241,1,0,5,1,100,,4245,1,0,5,1,100,,4242,1,0,5,1,100,,4246,1,0,5,1,100,,4243,1,0,5,1,100,,4247,1,0,5,1,100,,4244,1,0,5,1
20100,'Sunday-3',535,,4260,1,0,5,1,100,,4261,1,0,5,1,100,,4254,1,0,5,1,100,,4262,1,0,5,1,100,,4255,1,0,5,1,100,,4263,1,0,5,1,100,,4256,1,0,5,1,100,,4264,1,0,5,1,100,,4257,1,0,5,1,100,,4265,1,0,5,1,100,,4258,1,0,5,1,100,,4266,1,0,5,1,100,,4259,1,0,5,1,100,,4267,1,0,5,1
20100,'Sunday-93',535,,4274,1,0,5,1,100,,4275,1,0,5,1,100,,4268,1,0,5,1,100,,4276,1,0,5,1,100,,4269,1,0,5,1,100,,4277,1,0,5,1,100,,4270,1,0,5,1,100,,4278,1,0,5,1,100,,4271,1,0,5,1,100,,4279,1,0,5,1,100,,4272,1,0,5,1,100,,4280,1,0,5,1,100,,4273,1,0,5,1,100,,4281,1,0,5,1
20100,'Weekday-1',520,,4297,1,0,5,1,25,,4299,1,0,5,1,60,,4287,1,0,5,1,20,,4292,1,0,5,1,20,,4298,1,0,5,1,60,,4282,1,,,1,20,,4300,1,,,1,20,,4302,1,0,5,1,60,,4288,1,,,1,20,,4307,1,,,1,80,,4294,1,,,1,100,,4303,1,,,1,100,,4306,1,,,1,100,,4293,1,,,1,100,,4310,1,0,5,1,100,,4304,1,0,5,1,100,,4295,1,0,5,1,23,,4291,1,0,5,1,77,,4305,1,0,5,1,22,,4301,1,,,1,18,,4296,1,0,5,1,60,,4308,1,,,1,20,,4285,1,0,5,1,20,,4283,1,0,5,1,60,,4312,1,0,5,1,40,,4284,1,0,5,1,100,,4314,1,0,5,1,100,,4289,1,0,5,1,100,,4313,1,0,5,1,100,,4290,1,0,5,1,100,,4311,1,0,5,1
20101,'Saturday-2',655,,4315,27,4,,1,100,,4325,27,4,,1,100,,4316,27,4,,1,100,,4326,27,4,,1,100,,4317,27,4,,1,100,,4327,27,4,,1,100,,4318,27,4,,1,100,,4328,27,4,,1,100,,4319,27,4,,1,100,,4329,27,4,,1,100,,4320,27,4,,1,100,,4330,27,4,,1,100,,4321,27,4,,1,100,,4331,27,4,,1,100,,4322,27,4,,1,100,,4332,27,4,,1,100,,4323,27,4,,1
20101,'Saturday-4',655,,4334,27,4,,1,100,,4344,27,4,,1,100,,4335,27,4,,1,100,,4345,27,4,,1,100,,4336,27,4,,1,100,,4346,27,4,,1,100,,4337,27,4,,1,100,,4347,27,4,,1,100,,4338,27,4,,1,100,,4348,27,4,,1,100,,4339,27,4,,1,100,,4349,27,4,,1,100,,4340,27,4,,1,100,,4350,27,4,,1,100,,4341,27,4,,1,100,,4351,27,4,,1,100,,4342,27,4,,1
20101,'Sunday-3',653,,4353,27,4,,1,100,,4360,27,4,,1,100,,4354,27,4,,1,100,,4361,27,4,,1,100,,4355,27,4,,1,100,,4362,27,4,,1,100,,4356,27,4,,1,100,,4363,27,4,,1,100,,4357,27,4,,1,100,,4364,27,4,,1,100,,4358,27,4,,1,100,,4365,27,4,,1
20101,'Sunday-93',653,,4367,27,4,,1,100,,4374,27,4,,1,100,,4368,27,4,,1,100,,4375,27,4,,1,100,,4369,27,4,,1,100,,4376,27,4,,1,100,,4370,27,4,,1,100,,4377,27,4,,1,100,,4371,27,4,,1,100,,4378,27,4,,1,100,,4372,27,4,,1,100,,4379,27,4,,1
20101,'Weekday-1',638,,4394,27,4,,1,70,,4396,27,4,,1,25,,4386,27,4,,1,20,,4389,27,4,,1,80,,4395,27,4,,1,97,,4401,27,4,,1,100,,4403,27,4,,1,100,,4391,27,4,,1,100,,4398,27,4,,1,100,,4404,27,4,,1,100,,4390,27,4,,1,20,,4406,27,4,,1,80,,4383,27,4,,1,23,,4399,27,4,,1,60,,4384,27,4,,1,20,,4405,27,4,,1,20,,4392,27,4,,1,60,,4407,27,4,,1,20,,4402,27,4,,1,21,,4400,27,4,,1,61,,4393,27,4,,1,15,,4397,27,4,,1,88,,4381,27,4,,1,25,,4410,27,4,,1,65,,4382,27,4,,1,100,,4411,27,4,,1,100,,4387,27,4,,1,100,,4408,27,4,,1
20200,'Weekday-1',605,,4421,1,,,1,20,,4418,1,,,1,20,,4429,1,,,1,60,,4428,1,,,1,20,,4423,1,,,1,20,,4412,1,,,1,60,,4422,1,,,1,20,,4416,1,,,1,80,,4431,1,,,1,100,,4427,1,,,1,100,,4419,1,,,1,100,,4425,1,,,1,100,,4430,1,,,1,100,,4432,1,,,1,100,,4413,1,,,1,23,,4424,1,,,1,77,,4415,1,,,1,22,,4420,1,,,1,18,,4417,1,,,1,60,,4426,1,,,1,20,,4414,1,,,1
20201,'Weekday-1',733,,4441,21,4,,1,20,,4437,21,4,,1,80,,4448,21,4,,1,97,,4442,21,4,,1,100,,4452,21,4,,1,100,,4445,21,4,,1,100,,4438,21,4,,1,100,,4446,21,4,,1,100,,4451,21,4,,1,20,,4450,21,4,,1,80,,4453,21,4,,1,23,,4449,21,4,,1,60,,4440,21,4,,1,20,,4443,21,4,,1,20,,4433,21,4,,1,60,,4444,21,4,,1,20,,4435,21,4,,1,21,,4439,21,4,,1,61,,4436,21,4,,1,18,,4447,21,4,,1,19,,4434,21,4,,1
20300,'Weekday-1',605,,4479,1,,,1,20,,4487,1,,,1,20,,4477,1,,,1,60,,4489,1,,,1,20,,4484,1,,,1,20,,4480,1,,,1,60,,4481,1,,,1,20,,4474,1,,,1,80,,4476,1,,,1,100,,4475,1,,,1,100,,4482,1,,,1,100,,4490,1,,,1,100,,4483,1,,,1,100,,4478,1,,,1,100,,4488,1,,,1,23,,4472,1,,,1,77,,4491,1,,,1,22,,4485,1,,,1,18,,4492,1,,,1,60,,4486,1,,,1,20,,4473,1,,,1
20301,'Weekday-1',733,,4516,13,4,,1,20,,4523,13,4,,1,80,,4526,13,4,,1,97,,4517,13,4,,1,100,,4514,13,4,,1,100,,4513,13,4,,1,100,,4518,13,4,,1,100,,4527,13,4,,1,100,,4524,13,4,,1,20,,4519,13,4,,1,80,,4515,13,4,,1,23,,4520,13,4,,1,81,,4529,13,4,,1,19,,4525,13,4,,1,60,,4511,13,4,,1,21,,4528,13,4,,1,20,,4521,13,4,,1,61,,4530,13,4,,1,15,,4522,13,4,,1,25,,4512,13,4,,1
20800,'Weekday-1',605,,4594,1,,,1,20,,4595,1,,,1,20,,4596,1,,,1,60,,4598,1,,,1,20,,4593,1,,,1,20,,4597,1,,,1,60,,4599,1,,,1
20801,'Weekday-1',1553,,4604,11,4,,1,60,,4600,11,4,,1,20,,4605,11,4,,1,20,,4606,11,4,,1,60,,4603,11,4,,1,20,,4602,11,4,,1,21,,4601,11,4,,1
600000101,'Saturday-4',940,,5413,1,,,1,18,,5413,3,4,,1,42,,5414,1,,,1,18,,5414,3,4,,1,2,,5415,1,,,1,18,,5415,3,4,,1,2,,5416,1,,,1,18,,5416,3,4,,1,42,,5417,1,,,1,18,,5417,3,4,,1,2,,5418,1,,,1,18,,5418,3,4,,1,2,,5419,1,,,1,18,,5419,3,4,,1,42,,5420,1,,,1,18,,5420,3,4,,1,2,,5421,1,,,1,18,,5421,3,4,,1,2,,5422,1,,,1,18,,5422,3,4,,1,42,,5423,1,,,1,18,,5423,3,4,,1,2,,5424,1,,,1,18,,5424,3,4,,1,2,,5425,1,,,1,18,,5425,3,4,,1,42,,5426,1,,,1,18,,5426,3,4,,1,2,,5427,1,,,1,18,,5427,3,4,,1,2,,5428,1,,,1,18,,5428,3,4,,1,42,,5429,1,,,1,18,,5429,3,4,,1,2,,5430,1,,,1,18,,5430,3,4,,1
