100000901,'Weekday-23',601,,1373,20,,,1,20,,1372,20,,,1,20,,1365,20,,,1,60,,1367,20,,,1,20,,1368,20,,,1,20,,1366,20,,,1,60,,1363,20,,,1,20,,1364,20,,,1,820,,1370,20,,,1,60,,1369,20,,,1,20,,1362,20,,,1,20,,1371,20,,,1
100000901,'Weekday-29',601,,3471,20,,,1,20,,3470,20,,,1,20,,3463,20,,,1,60,,3465,20,,,1,20,,3466,20,,,1,20,,3464,20,,,1,60,,3461,20,,,1,20,,3462,20,,,1,820,,3468,20,,,1,60,,3467,20,,,1,20,,3460,20,,,1,20,,3469,20,,,1
100000901,'Weekday-32',601,,3480,20,,,1,20,,3481,20,,,1,20,,3482,20,,,1,60,,3475,20,,,1,20,,3476,20,,,1,20,,3483,20,,,1,60,,3473,20,,,1,20,,3474,20,,,1,820,,3478,20,,,1,60,,3477,20,,,1,20,,3472,20,,,1,20,,3479,20,,,1
100000901,'Weekday-33',557,,3492,20,,,1,70,,3487,20,,,1,30,,3484,20,,,1,70,,3488,20,,,1,30,,3491,20,,,1,900,,3489,20,,,1,70,,3485,20,,,1,30,,3490,20,,,1,70,,3486,20,,,1
100003301,'Saturday-27',626,,2165,21,,,1,100,,2166,21,,,1,100,,2167,21,,,1,100,,2168,21,,,1,100,,2169,21,,,1,100,,2161,21,,,1,100,,2162,21,,,1,100,,2170,21,,,1,100,,2171,21,,,1,100,,2163,21,,,1,100,,2164,21,,,1,100,,2172,21,,,1,100,,2173,21,,,1
100003301,'Saturday-30',626,,4175,21,,,1,100,,4176,21,,,1,100,,4177,21,,,1,100,,4178,21,,,1,100,,4179,21,,,1,100,,4171,21,,,1,100,,4172,21,,,1,100,,4180,21,,,1,100,,4181,21,,,1,100,,4173,21,,,1,100,,4174,21,,,1,100,,4182,21,,,1,100,,4183,21,,,1
100003301,'Weekday-23',904,,2175,21,,,1,100,,2176,21,,,1,100,,2177,21,,,1,102,,2178,21,,,1,97,,2179,21,,,1,99,,2180,21,,,1,100,,2181,21,,,1,15,,2184,21,,,1,87,,2174,21,,,1
100003301,'Weekday-29',904,,4185,21,,,1,100,,4186,21,,,1,100,,4187,21,,,1,102,,4188,21,,,1,97,,4189,21,,,1,99,,4190,21,,,1,100,,4191,21,,,1,15,,4194,21,,,1,87,,4184,21,,,1
100003301,'Weekday-32',904,,4201,21,,,1,100,,4202,21,,,1,100,,4203,21,,,1,102,,4204,21,,,1,97,,4205,21,,,1,99,,4206,21,,,1,100,,4207,21,,,1,15,,4210,21,,,1,87,,4200,21,,,1
100003301,'Weekday-33',828,,4216,21,,,1,31,,4227,21,,,1,70,,4217,21,,,1,100,,4218,21,,,1,100,,4219,21,,,1,102,,4220,21,,,1,97,,4221,21,,,1,99,,4222,21,,,1,100,,4223,21,,,1,32,,4225,21,,,1,68,,4224,21,,,1
