100002101,'Weekday-23',656,,1718,18,,,1,66,,1720,18,,,1,19,,1719,18,,,1
100002101,'Weekday-29',656,,3806,18,,,1,66,,3808,18,,,1,19,,3807,18,,,1
100002101,'Weekday-32',656,,3809,18,,,1,66,,3811,18,,,1,19,,3810,18,,,1
100002200,'Weekday-23',544,,1735,4,,,1,59,,1733,4,,,1,20,,1736,4,,,1,21,,1732,12,,,1,156,,1734,12,,,1
100002200,'Weekday-29',544,,3823,4,,,1,59,,3821,4,,,1,20,,3824,4,,,1,21,,3820,12,,,1,156,,3822,12,,,1
100002200,'Weekday-32',544,,3828,4,,,1,59,,3826,4,,,1,20,,3829,4,,,1,21,,3825,12,,,1,156,,3827,12,,,1
100003101,'Saturday-27',627,,1857,17,,,1,100,,1858,17,,,1,100,,1859,17,,,1,100,,1860,17,,,1,100,,1865,17,,,1,100,,1861,17,,,1,100,,1866,17,,,1,100,,1862,17,,,1,100,,1867,17,,,1,100,,1863,17,,,1,100,,1868,17,,,1,100,,1864,17,,,1,100,,1869,17,,,1
100003101,'Saturday-30',627,,3919,17,,,1,100,,3920,17,,,1,100,,3921,17,,,1,100,,3922,17,,,1,100,,3927,17,,,1,100,,3923,17,,,1,100,,3928,17,,,1,100,,3924,17,,,1,100,,3929,17,,,1,100,,3925,17,,,1,100,,3930,17,,,1,100,,3926,17,,,1,100,,3931,17,,,1
100003101,'Weekday-23',819,,1880,17,,,1,81,,1872,17,,,1,100,,1873,17,,,1,100,,1874,17,,,1,100,,1875,17,,,1,100,,1876,17,,,1,100,,1877,17,,,1,100,,1878,17,,,1,15,,1881,17,,,1,85,,1879,17,,,1,100,,1871,17,,,1,40,,1870,17,,,1,80,,1882,17,,,1
100003101,'Weekday-29',819,,3942,17,,,1,81,,3934,17,,,1,100,,3935,17,,,1,100,,3936,17,,,1,100,,3937,17,,,1,100,,3938,17,,,1,100,,3939,17,,,1,100,,3940,17,,,1,15,,3943,17,,,1,85,,3941,17,,,1,100,,3933,17,,,1,40,,3932,17,,,1,80,,3944,17,,,1
100003101,'Weekday-32',819,,3954,17,,,1,81,,3946,17,,,1,100,,3947,17,,,1,100,,3948,17,,,1,100,,3949,17,,,1,100,,3950,17,,,1,100,,3951,17,,,1,100,,3952,17,,,1,15,,3955,17,,,1,85,,3953,17,,,1,100,,3945,17,,,1,40,,3957,17,,,1,80,,3956,17,,,1
100003101,'Weekday-33',558,,3977,13,,,1,67,,3972,13,,,1,30,,3960,13,,,1,70,,3964,17,,,1,30,,3958,17,,,1,70,,3965,17,,,1,30,,3959,17,,,1,70,,3966,17,,,1,100,,3967,17,,,1,100,,3968,17,,,1,100,,3969,17,,,1,100,,3973,17,,,1,100,,3974,17,,,1,100,,3975,17,,,1,30,,3961,17,,,1,70,,3976,17,,,1,30,,3962,17,,,1,70,,3970,17,,,1,30,,3963,17,,,1,70,,3971,17,,,1
