20101,'Holiday1-91',634,,2360,20,,,1,100,,2367,20,,,1,100,,2361,20,,,1,100,,2368,20,,,1,100,,2362,20,,,1,100,,2369,20,,,1,100,,2363,20,,,1,100,,2370,20,,,1,100,,2364,20,,,1,100,,2371,20,,,1,100,,2365,20,,,1,100,,2372,20,,,1,100,,2366,20,,,1,100,,2373,20,,,1
20101,'Saturday-27',634,,164,20,,,1,100,,174,20,,,1,100,,165,20,,,1,100,,175,20,,,1,100,,166,20,,,1,100,,176,20,,,1,100,,167,20,,,1,100,,177,20,,,1,100,,168,20,,,1,100,,178,20,,,1,100,,169,20,,,1,100,,179,20,,,1,100,,170,20,,,1,100,,180,20,,,1,100,,171,20,,,1,100,,181,20,,,1,100,,172,20,,,1,100,,182,20,,,1,100,,173,20,,,1
20101,'Saturday-30',634,,2374,20,,,1,100,,2384,20,,,1,100,,2375,20,,,1,100,,2385,20,,,1,100,,2376,20,,,1,100,,2386,20,,,1,100,,2377,20,,,1,100,,2387,20,,,1,100,,2378,20,,,1,100,,2388,20,,,1,100,,2379,20,,,1,100,,2389,20,,,1,100,,2380,20,,,1,100,,2390,20,,,1,100,,2381,20,,,1,100,,2391,20,,,1,100,,2382,20,,,1,100,,2392,20,,,1,100,,2383,20,,,1
20101,'Sunday-19',634,,183,20,,,1,100,,190,20,,,1,100,,184,20,,,1,100,,191,20,,,1,100,,185,20,,,1,100,,192,20,,,1,100,,186,20,,,1,100,,193,20,,,1,100,,187,20,,,1,100,,194,20,,,1,100,,188,20,,,1,100,,195,20,,,1,100,,189,20,,,1,100,,196,20,,,1
20101,'Sunday-31',634,,2393,20,,,1,100,,2400,20,,,1,100,,2394,20,,,1,100,,2401,20,,,1,100,,2395,20,,,1,100,,2402,20,,,1,100,,2396,20,,,1,100,,2403,20,,,1,100,,2397,20,,,1,100,,2404,20,,,1,100,,2398,20,,,1,100,,2405,20,,,1,100,,2399,20,,,1,100,,2406,20,,,1
20101,'Weekday-23',618,,211,20,,,1,30,,217,20,,,1,65,,208,20,,,1,20,,226,20,,,1,71,,212,20,,,1,105,,219,20,,,1,101,,220,20,,,1,100,,218,20,,,1,100,,221,20,,,1,97,,223,20,,,1,99,,197,20,,,1,15,,207,20,,,1,87,,224,20,,,1,19,,222,20,,,1,19,,199,20,,,1,58,,227,20,,,1,22,,201,20,,,1,18,,225,20,,,1,62,,209,20,,,1,22,,210,20,,,1,26,,213,20,,,1,56,,198,20,,,1,25,,202,20,,,1,23,,216,20,,,1,62,,205,20,,,1,27,,200,20,,,1,100,,206,20,,,1,100,,214,20,,,1,100,,203,20,,,1,100,,215,20,,,1,100,,204,20,,,1
20101,'Weekday-29',618,,2418,20,,,1,30,,2429,20,,,1,65,,2437,20,,,1,20,,2428,20,,,1,71,,2419,20,,,1,105,,2431,20,,,1,101,,2432,20,,,1,100,,2430,20,,,1,100,,2433,20,,,1,97,,2421,20,,,1,99,,2435,20,,,1,15,,2415,20,,,1,87,,2422,20,,,1,19,,2434,20,,,1,19,,2407,20,,,1,58,,2424,20,,,1,22,,2409,20,,,1,18,,2423,20,,,1,62,,2416,20,,,1,22,,2417,20,,,1,26,,2425,20,,,1,56,,2436,20,,,1,25,,2410,20,,,1,23,,2420,20,,,1,62,,2413,20,,,1,27,,2408,20,,,1,100,,2414,20,,,1,100,,2426,20,,,1,100,,2411,20,,,1,100,,2427,20,,,1,100,,2412,20,,,1
20101,'Weekday-32',618,,2461,20,,,1,30,,2438,20,,,1,65,,2453,20,,,1,20,,2454,20,,,1,71,,2463,20,,,1,105,,2440,20,,,1,101,,2462,20,,,1,100,,2439,20,,,1,100,,2464,20,,,1,97,,2466,20,,,1,99,,2457,20,,,1,15,,2452,20,,,1,87,,2467,20,,,1,19,,2465,20,,,1,19,,2442,20,,,1,58,,2455,20,,,1,22,,2446,20,,,1,18,,2468,20,,,1,62,,2459,20,,,1,22,,2456,20,,,1,26,,2460,20,,,1,56,,2458,20,,,1,25,,2447,20,,,1,23,,2441,20,,,1,62,,2450,20,,,1,27,,2443,20,,,1,100,,2451,20,,,1,100,,2444,20,,,1,100,,2448,20,,,1,100,,2445,20,,,1,100,,2449,20,,,1
20101,'Weekday-33',633,,2486,20,,,1,70,,2487,20,,,1,33,,2475,20,,,1,71,,2489,20,,,1,27,,2485,20,,,1,79,,2476,20,,,1,21,,2491,20,,,1,100,,2474,20,,,1,100,,2494,20,,,1,100,,2488,20,,,1,100,,2493,20,,,1,100,,2484,20,,,1,100,,2482,20,,,1,70,,2481,20,,,1,28,,2469,20,,,1,74,,2490,20,,,1,30,,2483,20,,,1,71,,2470,20,,,1,30,,2492,20,,,1,72,,2477,20,,,1,23,,2471,20,,,1,100,,2478,20,,,1,100,,2472,20,,,1,100,,2479,20,,,1,100,,2473,20,,,1,100,,2480,20,,,1
20201,'Weekday-23',712,,369,8,,,1,20,,357,8,,,1,81,,367,8,,,1,96,,370,8,,,1,101,,359,8,,,1,100,,371,8,,,1,100,,360,8,,,1,100,,372,8,,,1,100,,362,8,,,1,19,,373,8,,,1,78,,363,8,,,1,21,,355,8,,,1,20,,366,8,,,1,60,,361,8,,,1,21,,368,8,,,1,19,,358,8,,,1,63,,351,8,,,1,23,,353,8,,,1,20,,350,8,,,1,58,,352,8,,,1,20,,354,8,,,1,18,,365,8,,,1,73,,356,8,,,1,25,,364,8,,,1
20201,'Weekday-29',712,,2579,8,,,1,20,,2567,8,,,1,81,,2575,8,,,1,96,,2580,8,,,1,101,,2569,8,,,1,100,,2581,8,,,1,100,,2570,8,,,1,100,,2582,8,,,1,100,,2572,8,,,1,19,,2583,8,,,1,78,,2573,8,,,1,21,,2565,8,,,1,20,,2574,8,,,1,60,,2571,8,,,1,21,,2576,8,,,1,19,,2568,8,,,1,63,,2561,8,,,1,23,,2563,8,,,1,20,,2560,8,,,1,58,,2562,8,,,1,20,,2564,8,,,1,18,,2578,8,,,1,73,,2566,8,,,1,25,,2577,8,,,1
20201,'Weekday-32',712,,2600,8,,,1,20,,2591,8,,,1,81,,2597,8,,,1,96,,2601,8,,,1,101,,2593,8,,,1,100,,2602,8,,,1,100,,2594,8,,,1,100,,2603,8,,,1,100,,2596,8,,,1,19,,2604,8,,,1,78,,2607,8,,,1,21,,2589,8,,,1,20,,2584,8,,,1,60,,2595,8,,,1,21,,2599,8,,,1,19,,2592,8,,,1,63,,2585,8,,,1,23,,2587,8,,,1,20,,2605,8,,,1,58,,2586,8,,,1,20,,2588,8,,,1,18,,2606,8,,,1,73,,2590,8,,,1,25,,2598,8,,,1
20201,'Weekday-33',705,,2608,8,,,1,30,,2612,8,,,1,70,,2615,8,,,1,30,,2609,8,,,1,69,,2613,8,,,1,31,,2616,8,,,1,100,,2614,8,,,1,100,,2621,8,,,1,100,,2619,8,,,1,101,,2622,8,,,1,100,,2620,8,,,1,99,,2623,8,,,1,70,,2610,8,,,1,30,,2617,8,,,1,70,,2625,8,,,1,30,,2611,8,,,1,70,,2618,8,,,1,30,,2624,8,,,1
