100002101,'Weekday-23',656,,1718,19,,,1,66,,1720,19,,,1,19,,1719,19,,,1
100002101,'Weekday-29',656,,3806,19,,,1,66,,3808,19,,,1,19,,3807,19,,,1
100002101,'Weekday-32',656,,3809,19,,,1,66,,3811,19,,,1,19,,3810,19,,,1
100002200,'Weekday-23',544,,1735,5,,,1,59,,1733,5,,,1,20,,1736,5,,,1,21,,1732,13,,,1,156,,1734,13,,,1
100002200,'Weekday-29',544,,3823,5,,,1,59,,3821,5,,,1,20,,3824,5,,,1,21,,3820,13,,,1,156,,3822,13,,,1
100002200,'Weekday-32',544,,3828,5,,,1,59,,3826,5,,,1,20,,3829,5,,,1,21,,3825,13,,,1,156,,3827,13,,,1
100003101,'Saturday-27',627,,1857,18,,,1,100,,1858,18,,,1,100,,1859,18,,,1,100,,1860,18,,,1,100,,1865,18,,,1,100,,1861,18,,,1,100,,1866,18,,,1,100,,1862,18,,,1,100,,1867,18,,,1,100,,1863,18,,,1,100,,1868,18,,,1,100,,1864,18,,,1,100,,1869,18,,,1
100003101,'Saturday-30',627,,3919,18,,,1,100,,3920,18,,,1,100,,3921,18,,,1,100,,3922,18,,,1,100,,3927,18,,,1,100,,3923,18,,,1,100,,3928,18,,,1,100,,3924,18,,,1,100,,3929,18,,,1,100,,3925,18,,,1,100,,3930,18,,,1,100,,3926,18,,,1,100,,3931,18,,,1
100003101,'Weekday-23',819,,1880,18,,,1,81,,1872,18,,,1,100,,1873,18,,,1,100,,1874,18,,,1,100,,1875,18,,,1,100,,1876,18,,,1,100,,1877,18,,,1,100,,1878,18,,,1,15,,1881,18,,,1,85,,1879,18,,,1,100,,1871,18,,,1,40,,1870,18,,,1,80,,1882,18,,,1
100003101,'Weekday-29',819,,3942,18,,,1,81,,3934,18,,,1,100,,3935,18,,,1,100,,3936,18,,,1,100,,3937,18,,,1,100,,3938,18,,,1,100,,3939,18,,,1,100,,3940,18,,,1,15,,3943,18,,,1,85,,3941,18,,,1,100,,3933,18,,,1,40,,3932,18,,,1,80,,3944,18,,,1
100003101,'Weekday-32',819,,3954,18,,,1,81,,3946,18,,,1,100,,3947,18,,,1,100,,3948,18,,,1,100,,3949,18,,,1,100,,3950,18,,,1,100,,3951,18,,,1,100,,3952,18,,,1,15,,3955,18,,,1,85,,3953,18,,,1,100,,3945,18,,,1,40,,3957,18,,,1,80,,3956,18,,,1
100003101,'Weekday-33',558,,3977,14,,,1,67,,3972,14,,,1,30,,3960,14,,,1,70,,3964,18,,,1,30,,3958,18,,,1,70,,3965,18,,,1,30,,3959,18,,,1,70,,3966,18,,,1,100,,3967,18,,,1,100,,3968,18,,,1,100,,3969,18,,,1,100,,3973,18,,,1,100,,3974,18,,,1,100,,3975,18,,,1,30,,3961,18,,,1,70,,3976,18,,,1,30,,3962,18,,,1,70,,3970,18,,,1,30,,3963,18,,,1,70,,3971,18,,,1
