20100,'Saturday-25',535,,1,5,0,5,1,100,,14,5,0,5,1,100,,2,5,0,5,1,100,,15,5,0,5,1,100,,3,5,0,5,1,100,,16,5,0,5,1,100,,4,5,0,5,1,100,,17,5,0,5,1,100,,5,5,0,5,1,100,,18,5,0,5,1,100,,6,5,0,5,1,100,,19,5,0,5,1,100,,7,5,0,5,1,100,,11,5,0,5,1,100,,8,5,0,5,1,100,,12,5,0,5,1,100,,9,5,0,5,1,100,,13,5,0,5,1,100,,10,5,0,5,1
20100,'Saturday-27',535,,20,5,0,5,1,100,,33,5,0,5,1,100,,21,5,0,5,1,100,,34,5,0,5,1,100,,22,5,0,5,1,100,,35,5,0,5,1,100,,23,5,0,5,1,100,,36,5,0,5,1,100,,24,5,0,5,1,100,,37,5,0,5,1,100,,25,5,0,5,1,100,,38,5,0,5,1,100,,26,5,0,5,1,100,,30,5,0,5,1,100,,27,5,0,5,1,100,,31,5,0,5,1,100,,28,5,0,5,1,100,,32,5,0,5,1,100,,29,5,0,5,1
20100,'Sunday-19',539,,45,5,0,5,1,100,,46,5,0,5,1,100,,39,5,0,5,1,100,,47,5,0,5,1,100,,40,5,0,5,1,100,,48,5,0,5,1,100,,41,5,0,5,1,100,,49,5,0,5,1,100,,42,5,0,5,1,100,,50,5,0,5,1,100,,43,5,0,5,1,100,,51,5,0,5,1,100,,44,5,0,5,1,100,,52,5,0,5,1
20100,'Weekday-23',524,,69,5,0,5,1,25,,75,5,0,5,1,60,,65,5,0,5,1,20,,84,5,0,5,1,20,,70,5,0,5,1,60,,78,5,,,1,20,,76,5,,,1,20,,66,5,,,1,60,,83,5,,,1,20,,82,5,,,1,80,,79,5,0,5,1,100,,77,5,0,5,1,100,,80,5,0,5,1,100,,53,5,,,1,100,,64,5,0,5,1,100,,81,5,0,5,1,100,,58,5,0,5,1,23,,56,5,0,5,1,77,,67,5,0,5,1,22,,54,5,,,1,18,,71,5,0,5,1,60,,68,5,,,1,20,,59,5,0,5,1,20,,74,5,0,5,1,60,,61,5,0,5,1,40,,57,5,0,5,1,101,,63,5,0,5,1,100,,72,5,0,5,1,100,,62,5,0,5,1,100,,73,5,0,5,1,100,,60,5,0,5,1
20100,'Weekday-24',524,,110,5,0,5,1,25,,115,5,0,5,1,60,,99,5,0,5,1,20,,101,5,0,5,1,20,,111,5,0,5,1,60,,105,5,,,1,20,,116,5,,,1,20,,100,5,,,1,60,,102,5,,,1,20,,118,5,,,1,80,,112,5,0,5,1,100,,117,5,0,5,1,100,,113,5,0,5,1,100,,107,5,,,1,100,,98,5,0,5,1,100,,114,5,0,5,1,100,,92,5,0,5,1,23,,88,5,0,5,1,77,,104,5,0,5,1,22,,108,5,,,1,18,,109,5,0,5,1,60,,106,5,,,1,20,,93,5,0,5,1,20,,86,5,0,5,1,60,,95,5,0,5,1,40,,89,5,0,5,1,101,,97,5,0,5,1,100,,90,5,0,5,1,100,,96,5,0,5,1,100,,91,5,0,5,1,100,,94,5,0,5,1
20100,'Weekday-28',535,,121,5,0,5,1,70,,123,5,0,5,1,30,,140,5,0,5,1,70,,120,5,,,1,30,,122,5,,,1,70,,141,5,0,5,1,30,,133,5,0,5,1,100,,125,5,,,1,100,,124,5,,,1,100,,142,5,,,1,100,,119,5,,,1,100,,144,5,,,1,100,,139,5,,,1,100,,131,5,,,1,70,,143,5,,,1,30,,138,5,,,1,70,,126,5,0,5,1,30,,132,5,0,5,1,70,,134,5,0,5,1,30,,128,5,0,5,1,100,,136,5,0,5,1,100,,129,5,0,5,1,100,,137,5,0,5,1,100,,127,5,0,5,1,100,,135,5,0,5,1
20300,'Weekday-23',610,,437,5,,,1,20,,441,5,,,1,20,,458,5,,,1,80,,457,5,,,1,20,,442,5,,,1,80,,446,5,,,1,80,,443,5,,,1,100,,435,5,,,1,100,,444,5,,,1,100,,445,5,,,1,100,,453,5,,,1,100,,434,5,,,1,100,,440,5,,,1,23,,438,5,,,1,77,,454,5,,,1,22,,455,5,,,1,18,,459,5,,,1,60,,456,5,,,1,20,,439,5,,,1,20,,436,5,,,1,60,,447,5,,,1,40,,448,5,,,1
20300,'Weekday-24',610,,466,5,,,1,20,,469,5,,,1,20,,474,5,,,1,80,,477,5,,,1,20,,470,5,,,1,80,,478,5,,,1,80,,471,5,,,1,100,,479,5,,,1,100,,472,5,,,1,100,,476,5,,,1,100,,482,5,,,1,100,,473,5,,,1,100,,480,5,,,1,23,,467,5,,,1,77,,483,5,,,1,22,,484,5,,,1,18,,475,5,,,1,60,,485,5,,,1,20,,468,5,,,1,20,,460,5,,,1,60,,481,5,,,1,40,,461,5,,,1
20300,'Weekday-28',605,,489,5,,,1,30,,490,5,,,1,70,,494,5,,,1,30,,488,5,,,1,70,,491,5,,,1,30,,495,5,,,1,100,,492,5,,,1,100,,496,5,,,1,100,,493,5,,,1,100,,500,5,,,1,100,,501,5,,,1,100,,497,5,,,1,100,,502,5,,,1,70,,498,5,,,1,30,,486,5,,,1,70,,503,5,,,1,30,,499,5,,,1,70,,487,5,,,1,30,,504,5,,,1
20400,'Weekday-23',712,,604,4,,,1,100,,600,4,,,1,98,,602,4,,,1
20400,'Weekday-24',712,,610,4,,,1,100,,609,4,,,1
20800,'Weekday-23',609,,739,2,,,1,20,,740,2,,,1,20,,744,2,,,1,60,,742,2,,,1,20,,737,2,,,1,20,,738,2,,,1,60,,741,2,,,1
20800,'Weekday-24',609,,747,2,,,1,20,,748,2,,,1,20,,751,2,,,1,60,,750,2,,,1,20,,745,2,,,1,20,,746,2,,,1,60,,749,2,,,1
21100,'Weekday-23',631,,767,2,,,1,20,,768,2,,,1,60,,766,2,,,1
21100,'Weekday-24',631,,770,2,,,1,20,,771,2,,,1,60,,769,2,,,1
100002401,'Weekday-23',552,,1756,16,,,1,60,,1757,16,,,1,20,,1760,16,,,1,18,,1755,19,,,1,60,,1758,16,,,1,20,,1761,19,,,1,20,,1759,19,,,1,60,,1762,19,,,1,815,,1748,19,,,1,20,,1752,19,,,1,60,,1749,19,,,1,20,,1753,19,,,1,20,,1750,19,,,1,61,,1754,19,,,1,21,,1751,19,,,1
100002401,'Weekday-24',552,,1771,16,,,1,60,,1772,16,,,1,20,,1775,16,,,1,18,,1770,19,,,1,60,,1773,16,,,1,20,,1776,19,,,1,20,,1774,19,,,1,60,,1777,19,,,1,815,,1763,19,,,1,20,,1767,19,,,1,60,,1764,19,,,1,20,,1768,19,,,1,20,,1765,19,,,1,61,,1769,19,,,1,21,,1766,19,,,1
