100000900,'Weekday-23',709,,1341,11,,,1,23,,1340,11,,,1,880,,1346,11,,,1,20,,1344,11,,,1,21,,1338,11,,,1,59,,1347,11,,,1,20,,1345,11,,,1,21,,1339,11,,,1,61,,1343,11,,,1,20,,1342,11,,,1
100000900,'Weekday-29',709,,3439,11,,,1,23,,3438,11,,,1,880,,3444,11,,,1,20,,3442,11,,,1,21,,3436,11,,,1,59,,3445,11,,,1,20,,3443,11,,,1,21,,3437,11,,,1,61,,3441,11,,,1,20,,3440,11,,,1
100000900,'Weekday-32',709,,3455,11,,,1,23,,3448,11,,,1,880,,3453,11,,,1,20,,3451,11,,,1,21,,3446,11,,,1,59,,3454,11,,,1,20,,3452,11,,,1,21,,3447,11,,,1,61,,3450,11,,,1,20,,3449,11,,,1
100000900,'Weekday-33',1623,,3458,11,,,1,30,,3456,11,,,1,70,,3459,11,,,1,30,,3457,11,,,1
100003300,'Saturday-27',650,,2081,11,,,1,100,,2082,11,,,1,100,,2083,11,,,1,100,,2076,11,,,1,100,,2087,11,,,1,100,,2077,11,,,1,100,,2084,11,,,1,100,,2078,11,,,1,100,,2088,11,,,1,100,,2079,11,,,1,100,,2085,11,,,1,100,,2080,11,,,1
100003300,'Saturday-30',650,,4104,11,,,1,100,,4105,11,,,1,100,,4106,11,,,1,100,,4099,11,,,1,100,,4110,11,,,1,100,,4100,11,,,1,100,,4107,11,,,1,100,,4101,11,,,1,100,,4111,11,,,1,100,,4102,11,,,1,100,,4108,11,,,1,100,,4103,11,,,1
100003300,'Weekday-23',701,,2103,11,,,1,43,,2102,11,,,1,85,,2092,11,,,1,101,,2093,11,,,1,100,,2094,11,,,1,100,,2095,11,,,1,98,,2096,11,,,1,100,,2097,11,,,1,100,,2098,11,,,1,20,,2104,11,,,1,78,,2089,11,,,1,26,,2100,11,,,1
100003300,'Weekday-29',701,,4126,11,,,1,43,,4125,11,,,1,85,,4115,11,,,1,101,,4116,11,,,1,100,,4117,11,,,1,100,,4118,11,,,1,98,,4119,11,,,1,100,,4120,11,,,1,100,,4121,11,,,1,20,,4127,11,,,1,78,,4112,11,,,1,26,,4123,11,,,1
100003300,'Weekday-32',701,,4147,11,,,1,43,,4146,11,,,1,85,,4136,11,,,1,101,,4137,11,,,1,100,,4138,11,,,1,100,,4139,11,,,1,98,,4140,11,,,1,100,,4141,11,,,1,100,,4142,11,,,1,20,,4148,11,,,1,78,,4134,11,,,1,26,,4144,11,,,1
100003300,'Weekday-33',651,,4165,11,,,1,71,,4164,11,,,1,35,,4166,11,,,1,64,,4170,11,,,1,31,,4156,11,,,1,101,,4158,11,,,1,100,,4157,11,,,1,100,,4159,11,,,1,98,,4160,11,,,1,100,,4161,11,,,1,100,,4162,11,,,1,102,,4163,11,,,1
