100000900,'Weekday-23',714,,1341,18,,,1,23,,1340,18,,,1,880,,1346,18,,,1,20,,1344,18,,,1,21,,1338,18,,,1,59,,1347,18,,,1,20,,1345,18,,,1,21,,1339,18,,,1,61,,1343,18,,,1,20,,1342,18,,,1
100000900,'Weekday-29',714,,3439,18,,,1,23,,3438,18,,,1,880,,3444,18,,,1,20,,3442,18,,,1,21,,3436,18,,,1,59,,3445,18,,,1,20,,3443,18,,,1,21,,3437,18,,,1,61,,3441,18,,,1,20,,3440,18,,,1
100000900,'Weekday-32',714,,3455,18,,,1,23,,3448,18,,,1,880,,3453,18,,,1,20,,3451,18,,,1,21,,3446,18,,,1,59,,3454,18,,,1,20,,3452,18,,,1,21,,3447,18,,,1,61,,3450,18,,,1,20,,3449,18,,,1
100000900,'Weekday-33',1628,,3458,18,,,1,30,,3456,18,,,1,70,,3459,18,,,1,30,,3457,18,,,1
100003200,'Saturday-27',556,,1941,6,,,1,100,,1933,21,,,1,100,,1934,21,,,1,100,,1935,21,,,1,100,,1936,21,,,1,100,,1929,21,,,1,100,,1930,21,,,1,100,,1937,21,,,1,100,,1938,21,,,1,100,,1931,21,,,1,100,,1932,21,,,1,100,,1939,21,,,1,100,,1940,21,,,1
100003200,'Saturday-30',556,,3990,6,,,1,100,,3982,21,,,1,100,,3983,21,,,1,100,,3984,21,,,1,100,,3985,21,,,1,100,,3978,21,,,1,100,,3979,21,,,1,100,,3986,21,,,1,100,,3987,21,,,1,100,,3980,21,,,1,100,,3981,21,,,1,100,,3988,21,,,1,100,,3989,21,,,1
100003200,'Weekday-23',717,,1947,21,,,1,27,,1944,21,,,1,91,,1949,21,,,1,100,,1942,21,,,1,100,,1950,21,,,1,100,,1948,21,,,1,100,,1954,21,,,1,102,,1952,21,,,1,101,,1951,21,,,1,20,,1953,21,,,1,80,,1943,21,,,1,62,,1946,21,,,1,47,,1945,21,,,1
100003200,'Weekday-29',717,,3994,21,,,1,27,,3991,21,,,1,91,,4000,21,,,1,100,,4002,21,,,1,100,,3996,21,,,1,100,,3995,21,,,1,100,,4001,21,,,1,102,,3998,21,,,1,101,,3997,21,,,1,20,,3999,21,,,1,80,,4003,21,,,1,62,,3993,21,,,1,47,,3992,21,,,1
100003200,'Weekday-32',717,,4007,21,,,1,27,,4004,21,,,1,91,,4008,21,,,1,100,,4014,21,,,1,100,,4009,21,,,1,100,,4013,21,,,1,100,,4012,21,,,1,102,,4011,21,,,1,101,,4010,21,,,1,20,,4016,21,,,1,80,,4015,21,,,1,62,,4006,21,,,1,47,,4005,21,,,1
100003200,'Weekday-33',545,,4033,6,,,1,112,,4031,21,,,1,70,,4029,21,,,1,30,,4032,21,,,1,70,,4030,21,,,1,31,,4017,21,,,1,100,,4018,21,,,1,100,,4019,21,,,1,100,,4020,21,,,1,100,,4021,21,,,1,142,,4022,21,,,1,101,,4023,21,,,1,100,,4024,21,,,1,29,,4027,21,,,1,72,,4025,21,,,1,25,,4028,21,,,1,29,,4026,21,,,1
