20101,'Holiday1-91',633,,2360,19,,,1,100,,2367,19,,,1,100,,2361,19,,,1,100,,2368,19,,,1,100,,2362,19,,,1,100,,2369,19,,,1,100,,2363,19,,,1,100,,2370,19,,,1,100,,2364,19,,,1,100,,2371,19,,,1,100,,2365,19,,,1,100,,2372,19,,,1,100,,2366,19,,,1,100,,2373,19,,,1
20101,'Saturday-27',633,,164,19,,,1,100,,174,19,,,1,100,,165,19,,,1,100,,175,19,,,1,100,,166,19,,,1,100,,176,19,,,1,100,,167,19,,,1,100,,177,19,,,1,100,,168,19,,,1,100,,178,19,,,1,100,,169,19,,,1,100,,179,19,,,1,100,,170,19,,,1,100,,180,19,,,1,100,,171,19,,,1,100,,181,19,,,1,100,,172,19,,,1,100,,182,19,,,1,100,,173,19,,,1
20101,'Saturday-30',633,,2374,19,,,1,100,,2384,19,,,1,100,,2375,19,,,1,100,,2385,19,,,1,100,,2376,19,,,1,100,,2386,19,,,1,100,,2377,19,,,1,100,,2387,19,,,1,100,,2378,19,,,1,100,,2388,19,,,1,100,,2379,19,,,1,100,,2389,19,,,1,100,,2380,19,,,1,100,,2390,19,,,1,100,,2381,19,,,1,100,,2391,19,,,1,100,,2382,19,,,1,100,,2392,19,,,1,100,,2383,19,,,1
20101,'Sunday-19',633,,183,19,,,1,100,,190,19,,,1,100,,184,19,,,1,100,,191,19,,,1,100,,185,19,,,1,100,,192,19,,,1,100,,186,19,,,1,100,,193,19,,,1,100,,187,19,,,1,100,,194,19,,,1,100,,188,19,,,1,100,,195,19,,,1,100,,189,19,,,1,100,,196,19,,,1
20101,'Sunday-31',633,,2393,19,,,1,100,,2400,19,,,1,100,,2394,19,,,1,100,,2401,19,,,1,100,,2395,19,,,1,100,,2402,19,,,1,100,,2396,19,,,1,100,,2403,19,,,1,100,,2397,19,,,1,100,,2404,19,,,1,100,,2398,19,,,1,100,,2405,19,,,1,100,,2399,19,,,1,100,,2406,19,,,1
20101,'Weekday-23',618,,211,19,,,1,30,,217,19,,,1,64,,208,19,,,1,21,,226,19,,,1,70,,212,19,,,1,106,,219,19,,,1,101,,220,19,,,1,100,,218,19,,,1,100,,221,19,,,1,96,,223,19,,,1,100,,197,19,,,1,14,,207,19,,,1,87,,224,19,,,1,19,,222,19,,,1,19,,199,19,,,1,58,,227,19,,,1,22,,201,19,,,1,18,,225,19,,,1,62,,209,19,,,1,22,,210,19,,,1,27,,213,19,,,1,55,,198,19,,,1,26,,202,19,,,1,22,,216,19,,,1,63,,205,19,,,1,27,,200,19,,,1,100,,206,19,,,1,100,,214,19,,,1,100,,203,19,,,1,100,,215,19,,,1,100,,204,19,,,1
20101,'Weekday-29',618,,2418,19,,,1,30,,2429,19,,,1,64,,2437,19,,,1,21,,2428,19,,,1,70,,2419,19,,,1,106,,2431,19,,,1,101,,2432,19,,,1,100,,2430,19,,,1,100,,2433,19,,,1,96,,2421,19,,,1,100,,2435,19,,,1,14,,2415,19,,,1,87,,2422,19,,,1,19,,2434,19,,,1,19,,2407,19,,,1,58,,2424,19,,,1,22,,2409,19,,,1,18,,2423,19,,,1,62,,2416,19,,,1,22,,2417,19,,,1,27,,2425,19,,,1,55,,2436,19,,,1,26,,2410,19,,,1,22,,2420,19,,,1,63,,2413,19,,,1,27,,2408,19,,,1,100,,2414,19,,,1,100,,2426,19,,,1,100,,2411,19,,,1,100,,2427,19,,,1,100,,2412,19,,,1
20101,'Weekday-32',618,,2461,19,,,1,30,,2438,19,,,1,64,,2453,19,,,1,21,,2454,19,,,1,70,,2463,19,,,1,106,,2440,19,,,1,101,,2462,19,,,1,100,,2439,19,,,1,100,,2464,19,,,1,96,,2466,19,,,1,100,,2457,19,,,1,14,,2452,19,,,1,87,,2467,19,,,1,19,,2465,19,,,1,19,,2442,19,,,1,58,,2455,19,,,1,22,,2446,19,,,1,18,,2468,19,,,1,62,,2459,19,,,1,22,,2456,19,,,1,27,,2460,19,,,1,55,,2458,19,,,1,26,,2447,19,,,1,22,,2441,19,,,1,63,,2450,19,,,1,27,,2443,19,,,1,100,,2451,19,,,1,100,,2444,19,,,1,100,,2448,19,,,1,100,,2445,19,,,1,100,,2449,19,,,1
20101,'Weekday-33',633,,2486,19,,,1,70,,2487,19,,,1,33,,2475,19,,,1,71,,2489,19,,,1,27,,2485,19,,,1,79,,2476,19,,,1,21,,2491,19,,,1,100,,2474,19,,,1,100,,2494,19,,,1,100,,2488,19,,,1,100,,2493,19,,,1,100,,2484,19,,,1,100,,2482,19,,,1,70,,2481,19,,,1,27,,2469,19,,,1,75,,2490,19,,,1,30,,2483,19,,,1,71,,2470,19,,,1,30,,2492,19,,,1,72,,2477,19,,,1,23,,2471,19,,,1,100,,2478,19,,,1,100,,2472,19,,,1,100,,2479,19,,,1,100,,2473,19,,,1,100,,2480,19,,,1
20201,'Weekday-23',712,,369,7,,,1,20,,357,7,,,1,80,,367,7,,,1,96,,370,7,,,1,102,,359,7,,,1,100,,371,7,,,1,100,,360,7,,,1,100,,372,7,,,1,99,,362,7,,,1,20,,373,7,,,1,77,,363,7,,,1,21,,355,7,,,1,20,,366,7,,,1,60,,361,7,,,1,21,,368,7,,,1,20,,358,7,,,1,63,,351,7,,,1,22,,353,7,,,1,21,,350,7,,,1,57,,352,7,,,1,20,,354,7,,,1,18,,365,7,,,1,73,,356,7,,,1,25,,364,7,,,1
20201,'Weekday-29',712,,2579,7,,,1,20,,2567,7,,,1,80,,2575,7,,,1,96,,2580,7,,,1,102,,2569,7,,,1,100,,2581,7,,,1,100,,2570,7,,,1,100,,2582,7,,,1,99,,2572,7,,,1,20,,2583,7,,,1,77,,2573,7,,,1,21,,2565,7,,,1,20,,2574,7,,,1,60,,2571,7,,,1,21,,2576,7,,,1,20,,2568,7,,,1,63,,2561,7,,,1,22,,2563,7,,,1,21,,2560,7,,,1,57,,2562,7,,,1,20,,2564,7,,,1,18,,2578,7,,,1,73,,2566,7,,,1,25,,2577,7,,,1
20201,'Weekday-32',712,,2600,7,,,1,20,,2591,7,,,1,80,,2597,7,,,1,96,,2601,7,,,1,102,,2593,7,,,1,100,,2602,7,,,1,100,,2594,7,,,1,100,,2603,7,,,1,99,,2596,7,,,1,20,,2604,7,,,1,77,,2607,7,,,1,21,,2589,7,,,1,20,,2584,7,,,1,60,,2595,7,,,1,21,,2599,7,,,1,20,,2592,7,,,1,63,,2585,7,,,1,22,,2587,7,,,1,21,,2605,7,,,1,57,,2586,7,,,1,20,,2588,7,,,1,18,,2606,7,,,1,73,,2590,7,,,1,25,,2598,7,,,1
20201,'Weekday-33',704,,2608,7,,,1,30,,2612,7,,,1,70,,2615,7,,,1,30,,2609,7,,,1,69,,2613,7,,,1,32,,2616,7,,,1,100,,2614,7,,,1,100,,2621,7,,,1,100,,2619,7,,,1,100,,2622,7,,,1,100,,2620,7,,,1,100,,2623,7,,,1,70,,2610,7,,,1,30,,2617,7,,,1,70,,2625,7,,,1,29,,2611,7,,,1,70,,2618,7,,,1,30,,2624,7,,,1
