20100,'Saturday-2',530,,4216,2,0,5,1,100,,4229,2,0,5,1,100,,4217,2,0,5,1,100,,4230,2,0,5,1,100,,4218,2,0,5,1,100,,4231,2,0,5,1,100,,4219,2,0,5,1,100,,4232,2,0,5,1,100,,4220,2,0,5,1,100,,4233,2,0,5,1,100,,4221,2,0,5,1,100,,4234,2,0,5,1,100,,4222,2,0,5,1,100,,4226,2,0,5,1,100,,4223,2,0,5,1,100,,4227,2,0,5,1,100,,4224,2,0,5,1,100,,4228,2,0,5,1,100,,4225,2,0,5,1
20100,'Saturday-4',530,,4235,2,0,5,1,100,,4248,2,0,5,1,100,,4236,2,0,5,1,100,,4249,2,0,5,1,100,,4237,2,0,5,1,100,,4250,2,0,5,1,100,,4238,2,0,5,1,100,,4251,2,0,5,1,100,,4239,2,0,5,1,100,,4252,2,0,5,1,100,,4240,2,0,5,1,100,,4253,2,0,5,1,100,,4241,2,0,5,1,100,,4245,2,0,5,1,100,,4242,2,0,5,1,100,,4246,2,0,5,1,100,,4243,2,0,5,1,100,,4247,2,0,5,1,100,,4244,2,0,5,1
20100,'Sunday-3',535,,4260,2,0,5,1,100,,4261,2,0,5,1,100,,4254,2,0,5,1,100,,4262,2,0,5,1,100,,4255,2,0,5,1,100,,4263,2,0,5,1,100,,4256,2,0,5,1,100,,4264,2,0,5,1,100,,4257,2,0,5,1,100,,4265,2,0,5,1,100,,4258,2,0,5,1,100,,4266,2,0,5,1,100,,4259,2,0,5,1,100,,4267,2,0,5,1
20100,'Sunday-93',535,,4274,2,0,5,1,100,,4275,2,0,5,1,100,,4268,2,0,5,1,100,,4276,2,0,5,1,100,,4269,2,0,5,1,100,,4277,2,0,5,1,100,,4270,2,0,5,1,100,,4278,2,0,5,1,100,,4271,2,0,5,1,100,,4279,2,0,5,1,100,,4272,2,0,5,1,100,,4280,2,0,5,1,100,,4273,2,0,5,1,100,,4281,2,0,5,1
20100,'Weekday-1',520,,4297,2,0,5,1,25,,4299,2,0,5,1,60,,4287,2,0,5,1,20,,4292,2,0,5,1,20,,4298,2,0,5,1,60,,4282,2,,,1,20,,4300,2,,,1,20,,4302,2,0,5,1,60,,4288,2,,,1,20,,4307,2,,,1,80,,4294,2,,,1,100,,4303,2,,,1,100,,4306,2,,,1,100,,4293,2,,,1,100,,4310,2,0,5,1,100,,4304,2,0,5,1,100,,4295,2,0,5,1,23,,4291,2,0,5,1,77,,4305,2,0,5,1,22,,4301,2,,,1,18,,4296,2,0,5,1,60,,4308,2,,,1,20,,4285,2,0,5,1,20,,4283,2,0,5,1,60,,4312,2,0,5,1,40,,4284,2,0,5,1,100,,4314,2,0,5,1,100,,4289,2,0,5,1,100,,4313,2,0,5,1,100,,4290,2,0,5,1,100,,4311,2,0,5,1
20200,'Weekday-1',605,,4421,2,,,1,20,,4418,2,,,1,20,,4429,2,,,1,60,,4428,2,,,1,20,,4423,2,,,1,20,,4412,2,,,1,60,,4422,2,,,1,20,,4416,2,,,1,80,,4431,2,,,1,100,,4427,2,,,1,100,,4419,2,,,1,100,,4425,2,,,1,100,,4430,2,,,1,100,,4432,2,,,1,100,,4413,2,,,1,23,,4424,2,,,1,77,,4415,2,,,1,22,,4420,2,,,1,18,,4417,2,,,1,60,,4426,2,,,1,20,,4414,2,,,1
20300,'Weekday-1',605,,4479,2,,,1,20,,4487,2,,,1,20,,4477,2,,,1,60,,4489,2,,,1,20,,4484,2,,,1,20,,4480,2,,,1,60,,4481,2,,,1,20,,4474,2,,,1,80,,4476,2,,,1,100,,4475,2,,,1,100,,4482,2,,,1,100,,4490,2,,,1,100,,4483,2,,,1,100,,4478,2,,,1,100,,4488,2,,,1,23,,4472,2,,,1,77,,4491,2,,,1,22,,4485,2,,,1,18,,4492,2,,,1,60,,4486,2,,,1,20,,4473,2,,,1
100002101,'Weekday-1',645,,5140,2,,,1,64,,5139,2,,,1,19,,5141,2,,,1
100003101,'Saturday-2',615,,5203,2,,,1,100,,5204,2,,,1,100,,5205,2,,,1,100,,5206,2,,,1,100,,5211,2,,,1,100,,5207,2,,,1,100,,5212,2,,,1,100,,5208,2,,,1,100,,5213,2,,,1,100,,5209,2,,,1,100,,5214,2,,,1,100,,5210,2,,,1,100,,5215,2,,,1
100003101,'Saturday-4',615,,5216,2,,,1,100,,5217,2,,,1,100,,5218,2,,,1,100,,5219,2,,,1,100,,5224,2,,,1,100,,5220,2,,,1,100,,5225,2,,,1,100,,5221,2,,,1,100,,5226,2,,,1,100,,5222,2,,,1,100,,5227,2,,,1,100,,5223,2,,,1,100,,5228,2,,,1
100003101,'Weekday-1',809,,5237,2,,,1,41,,5229,2,,,1,100,,5230,2,,,1,100,,5231,2,,,1,100,,5232,2,,,1,100,,5233,2,,,1,100,,5234,2,,,1,100,,5235,2,,,1,55,,5241,2,,,1,45,,5236,2,,,1,100,,5239,2,,,1,80,,5240,2,,,1,80,,5238,2,,,1
100003201,'Saturday-2',615,,5286,2,,,1,100,,5287,2,,,1,100,,5288,2,,,1,100,,5289,2,,,1,100,,5281,2,,,1,100,,5292,2,,,1,100,,5282,2,,,1,100,,5290,2,,,1,100,,5283,2,,,1,100,,5293,2,,,1,100,,5284,2,,,1,100,,5291,2,,,1,100,,5285,2,,,1
100003201,'Saturday-4',615,,5299,2,,,1,100,,5300,2,,,1,100,,5301,2,,,1,100,,5302,2,,,1,100,,5294,2,,,1,100,,5305,2,,,1,100,,5295,2,,,1,100,,5303,2,,,1,100,,5296,2,,,1,100,,5306,2,,,1,100,,5297,2,,,1,100,,5304,2,,,1,100,,5298,2,,,1
100003201,'Weekday-1',545,,5315,2,,,1,99,,5317,2,,,1,101,,5309,2,0,7,1,61,,5318,2,0,7,1,39,,5316,2,,,1,100,,5314,2,,,1,100,,5311,2,,,1,100,,5308,2,,,1,100,,5320,2,,,1,100,,5322,2,,,1,90,,5319,2,,,1,24,,5310,2,,,1,61,,5321,2,,,1,25,,5307,2,,,1
