100000700,'Saturday-27',701,,1206,4,,,1,100,,1207,4,,,1,100,,1208,4,,,1,100,,1209,4,,,1,100,,1214,4,,,1,100,,1210,4,,,1,100,,1215,4,,,1,100,,1211,4,,,1,100,,1216,4,,,1,100,,1212,4,,,1,100,,1217,4,,,1,100,,1213,4,,,1
100000700,'Saturday-30',701,,3316,4,,,1,100,,3317,4,,,1,100,,3318,4,,,1,100,,3319,4,,,1,100,,3324,4,,,1,100,,3320,4,,,1,100,,3325,4,,,1,100,,3321,4,,,1,100,,3326,4,,,1,100,,3322,4,,,1,100,,3327,4,,,1,100,,3323,4,,,1
100000700,'Weekday-23',658,,1231,4,,,1,60,,1219,4,,,1,20,,1222,4,,,1,20,,1224,4,,,1,80,,1227,4,,,1,100,,1230,4,,,1,100,,1226,4,,,1,100,,1221,4,,,1,100,,1225,4,,,1,100,,1228,4,,,1
100000700,'Weekday-29',658,,3338,4,,,1,60,,3329,4,,,1,20,,3332,4,,,1,20,,3334,4,,,1,80,,3341,4,,,1,100,,3340,4,,,1,100,,3336,4,,,1,100,,3331,4,,,1,100,,3335,4,,,1,100,,3337,4,,,1
100000700,'Weekday-32',658,,3351,4,,,1,60,,3342,4,,,1,20,,3345,4,,,1,20,,3347,4,,,1,80,,3354,4,,,1,100,,3353,4,,,1,100,,3349,4,,,1,100,,3344,4,,,1,100,,3348,4,,,1,100,,3355,4,,,1
100000700,'Weekday-33',700,,3371,4,,,1,30,,3372,4,,,1,70,,3373,4,,,1,30,,3374,4,,,1,70,,3375,4,,,1,100,,3369,4,,,1,100,,3356,4,,,1,100,,3357,4,,,1,100,,3359,4,,,1,100,,3358,4,,,1,100,,3360,4,,,1,30,,3361,4,,,1,70,,3362,4,,,1,30,,3363,4,,,1,70,,3364,4,,,1,30,,3365,4,,,1,70,,3366,4,,,1
100001401,'Holiday1-91',700,,3659,4,,,1,100,,3665,4,,,1,100,,3660,4,,,1,100,,3666,4,,,1,100,,3661,4,,,1,100,,3667,4,,,1,100,,3662,4,,,1,100,,3668,4,,,1,100,,3663,4,,,1,100,,3669,4,,,1,100,,3664,4,,,1,100,,3670,4,,,1
100001401,'Saturday-27',701,,1583,4,,,1,100,,1592,4,,,1,100,,1584,4,,,1,100,,1593,4,,,1,100,,1585,4,,,1,100,,1594,4,,,1,100,,1586,4,,,1,100,,1595,4,,,1,100,,1587,4,,,1,100,,1596,4,,,1,100,,1588,4,,,1,100,,1597,4,,,1,57,,1589,4,,,1,100,,1598,4,,,1,100,,1591,4,,,1,100,,1599,4,,,1,100,,1590,4,,,1
100001401,'Saturday-30',701,,3671,4,,,1,100,,3680,4,,,1,100,,3672,4,,,1,100,,3681,4,,,1,100,,3673,4,,,1,100,,3682,4,,,1,100,,3674,4,,,1,100,,3683,4,,,1,100,,3675,4,,,1,100,,3684,4,,,1,100,,3676,4,,,1,100,,3685,4,,,1,57,,3677,4,,,1,100,,3686,4,,,1,100,,3679,4,,,1,100,,3687,4,,,1,100,,3678,4,,,1
100001401,'Sunday-19',700,,1600,4,,,1,100,,1606,4,,,1,100,,1601,4,,,1,100,,1607,4,,,1,100,,1602,4,,,1,100,,1608,4,,,1,100,,1603,4,,,1,100,,1609,4,,,1,100,,1604,4,,,1,100,,1610,4,,,1,100,,1605,4,,,1,100,,1611,4,,,1
100001401,'Sunday-31',700,,3688,4,,,1,100,,3694,4,,,1,100,,3689,4,,,1,100,,3695,4,,,1,100,,3690,4,,,1,100,,3696,4,,,1,100,,3691,4,,,1,100,,3697,4,,,1,100,,3692,4,,,1,100,,3698,4,,,1,100,,3693,4,,,1,100,,3699,4,,,1
100001401,'Weekday-23',608,,1624,4,,,1,20,,1629,4,,,1,20,,1623,4,,,1,71,,1617,4,,,1,20,,1625,4,,,1,20,,1618,4,,,1,80,,1619,4,,,1,68,,1620,4,,,1,100,,1627,4,,,1,100,,1626,4,,,1,100,,1643,4,,,1,100,,1642,4,,,1,100,,1628,4,,,1,93,,1621,4,,,1,18,,1622,4,,,1,21,,1615,4,,,1,20,,1612,4,,,1,60,,1632,4,,,1,20,,1639,4,,,1,20,,1633,4,,,1,60,,1641,4,,,1,20,,1634,4,,,1,20,,1640,4,,,1,60,,1614,4,,,1,20,,1616,4,,,1,61,,1613,4,,,1,15,,1637,4,,,1,33,,1638,4,,,1,67,,1635,4,,,1,100,,1630,4,,,1,100,,1636,4,,,1,100,,1631,4,,,1
100001401,'Weekday-29',608,,3711,4,,,1,20,,3716,4,,,1,20,,3710,4,,,1,71,,3704,4,,,1,20,,3712,4,,,1,20,,3705,4,,,1,80,,3706,4,,,1,68,,3707,4,,,1,100,,3714,4,,,1,100,,3713,4,,,1,100,,3730,4,,,1,100,,3729,4,,,1,100,,3715,4,,,1,93,,3708,4,,,1,18,,3709,4,,,1,21,,3702,4,,,1,20,,3731,4,,,1,60,,3719,4,,,1,20,,3728,4,,,1,20,,3720,4,,,1,60,,3723,4,,,1,20,,3721,4,,,1,20,,3722,4,,,1,60,,3701,4,,,1,20,,3703,4,,,1,61,,3700,4,,,1,15,,3726,4,,,1,33,,3727,4,,,1,67,,3724,4,,,1,100,,3717,4,,,1,100,,3725,4,,,1,100,,3718,4,,,1
100001401,'Weekday-32',608,,3742,4,,,1,20,,3747,4,,,1,20,,3741,4,,,1,71,,3735,4,,,1,20,,3743,4,,,1,20,,3736,4,,,1,80,,3737,4,,,1,68,,3738,4,,,1,100,,3745,4,,,1,100,,3744,4,,,1,100,,3752,4,,,1,100,,3751,4,,,1,100,,3746,4,,,1,93,,3739,4,,,1,18,,3740,4,,,1,21,,3733,4,,,1,20,,3763,4,,,1,60,,3753,4,,,1,20,,3762,4,,,1,20,,3758,4,,,1,60,,3750,4,,,1,20,,3749,4,,,1,20,,3748,4,,,1,60,,3761,4,,,1,20,,3734,4,,,1,61,,3732,4,,,1,15,,3756,4,,,1,33,,3757,4,,,1,67,,3754,4,,,1,100,,3759,4,,,1,100,,3755,4,,,1,100,,3760,4,,,1
100001401,'Weekday-33',700,,3764,4,,,1,30,,3765,4,,,1,70,,3766,4,,,1,30,,3767,4,,,1,70,,3776,4,,,1,30,,3777,4,,,1,70,,3770,4,,,1,100,,3771,4,,,1,100,,3788,4,,,1,100,,3769,4,,,1,100,,3785,4,,,1,100,,3778,4,,,1,100,,3779,4,,,1,30,,3780,4,,,1,70,,3781,4,,,1,30,,3784,4,,,1,70,,3782,4,,,1,30,,3783,4,,,1,70,,3786,4,,,1,30,,3787,4,,,1,70,,3772,4,,,1,100,,3774,4,,,1,100,,3773,4,,,1,100,,3775,4,,,1
