100000901,'Weekday-23',604,,1373,23,,,1,20,,1372,23,,,1,20,,1365,23,,,1,60,,1367,23,,,1,20,,1368,23,,,1,20,,1366,23,,,1,60,,1363,23,,,1,20,,1364,23,,,1,820,,1370,23,,,1,60,,1369,23,,,1,20,,1362,23,,,1,20,,1371,23,,,1
100000901,'Weekday-24',604,,1382,23,,,1,20,,1385,23,,,1,20,,1383,23,,,1,60,,1377,23,,,1,20,,1378,23,,,1,20,,1384,23,,,1,60,,1375,23,,,1,20,,1376,23,,,1,820,,1380,23,,,1,60,,1379,23,,,1,20,,1374,23,,,1,20,,1381,23,,,1
100000901,'Weekday-28',600,,1394,23,,,1,30,,1389,23,,,1,70,,1386,23,,,1,30,,1390,23,,,1,70,,1393,23,,,1,900,,1391,23,,,1,30,,1387,23,,,1,70,,1392,23,,,1,30,,1388,23,,,1
100003200,'Saturday-25',600,,1928,13,,,1,100,,1920,28,,,1,100,,1921,28,,,1,100,,1922,28,,,1,100,,1923,28,,,1,100,,1916,28,,,1,100,,1917,28,,,1,100,,1924,28,,,1,100,,1925,28,,,1,100,,1918,28,,,1,100,,1919,28,,,1,100,,1926,28,,,1,100,,1927,28,,,1
100003200,'Saturday-27',600,,1941,13,,,1,100,,1933,28,,,1,100,,1934,28,,,1,100,,1935,28,,,1,100,,1936,28,,,1,100,,1929,28,,,1,100,,1930,28,,,1,100,,1937,28,,,1,100,,1938,28,,,1,100,,1931,28,,,1,100,,1932,28,,,1,100,,1939,28,,,1,100,,1940,28,,,1
100003200,'Weekday-23',725,,1947,28,,,1,27,,1944,28,,,1,90,,1949,28,,,1,100,,1942,28,,,1,100,,1950,28,,,1,99,,1948,28,,,1,100,,1954,28,,,1,101,,1952,28,,,1,101,,1951,28,,,1,60,,1953,28,,,1,40,,1943,28,,,1,62,,1946,28,,,1,47,,1945,28,,,1
100003200,'Weekday-24',725,,1958,28,,,1,27,,1955,28,,,1,90,,1960,28,,,1,100,,1964,28,,,1,100,,1961,28,,,1,99,,1959,28,,,1,100,,1967,28,,,1,101,,1963,28,,,1,101,,1962,28,,,1,60,,1966,28,,,1,40,,1965,28,,,1,62,,1957,28,,,1,47,,1956,28,,,1
100003200,'Weekday-28',550,,1984,13,,,1,152,,1982,28,,,1,31,,1980,28,,,1,71,,1983,28,,,1,30,,1981,28,,,1,71,,1968,28,,,1,100,,1969,28,,,1,100,,1970,28,,,1,99,,1971,28,,,1,100,,1972,28,,,1,101,,1973,28,,,1,101,,1974,28,,,1,100,,1975,28,,,1,29,,1978,28,,,1,72,,1976,28,,,1,25,,1979,28,,,1,69,,1977,28,,,1
100003301,'Saturday-25',629,,2152,24,,,1,100,,2153,24,,,1,100,,2154,24,,,1,100,,2155,24,,,1,100,,2156,24,,,1,100,,2148,24,,,1,100,,2149,24,,,1,100,,2157,24,,,1,100,,2158,24,,,1,100,,2150,24,,,1,100,,2151,24,,,1,100,,2159,24,,,1,100,,2160,24,,,1
100003301,'Saturday-27',629,,2165,24,,,1,100,,2166,24,,,1,100,,2167,24,,,1,100,,2168,24,,,1,100,,2169,24,,,1,100,,2161,24,,,1,100,,2162,24,,,1,100,,2170,24,,,1,100,,2171,24,,,1,100,,2163,24,,,1,100,,2164,24,,,1,100,,2172,24,,,1,100,,2173,24,,,1
100003301,'Weekday-23',907,,2175,24,,,1,100,,2176,24,,,1,100,,2177,24,,,1,102,,2178,24,,,1,97,,2179,24,,,1,99,,2180,24,,,1,100,,2181,24,,,1,15,,2184,24,,,1,88,,2174,24,,,1
100003301,'Weekday-24',907,,2192,24,,,1,100,,2193,24,,,1,100,,2194,24,,,1,102,,2195,24,,,1,97,,2196,24,,,1,99,,2197,24,,,1,100,,2198,24,,,1,15,,2201,24,,,1,88,,2191,24,,,1
100003301,'Weekday-28',831,,2206,24,,,1,71,,2217,24,,,1,30,,2207,24,,,1,100,,2208,24,,,1,100,,2209,24,,,1,102,,2210,24,,,1,97,,2211,24,,,1,99,,2212,24,,,1,100,,2213,24,,,1,73,,2215,24,,,1,27,,2214,24,,,1
