100000900,'Weekday-23',711,,1341,14,,,1,23,,1340,14,,,1,880,,1346,14,,,1,20,,1344,14,,,1,21,,1338,14,,,1,59,,1347,14,,,1,20,,1345,14,,,1,21,,1339,14,,,1,61,,1343,14,,,1,20,,1342,14,,,1
100000900,'Weekday-29',711,,3439,14,,,1,23,,3438,14,,,1,880,,3444,14,,,1,20,,3442,14,,,1,21,,3436,14,,,1,59,,3445,14,,,1,20,,3443,14,,,1,21,,3437,14,,,1,61,,3441,14,,,1,20,,3440,14,,,1
100000900,'Weekday-32',711,,3455,14,,,1,23,,3448,14,,,1,880,,3453,14,,,1,20,,3451,14,,,1,21,,3446,14,,,1,59,,3454,14,,,1,20,,3452,14,,,1,21,,3447,14,,,1,61,,3450,14,,,1,20,,3449,14,,,1
100000900,'Weekday-33',1625,,3458,14,,,1,30,,3456,14,,,1,70,,3459,14,,,1,30,,3457,14,,,1
100003300,'Saturday-27',652,,2081,14,,,1,100,,2082,14,,,1,100,,2083,14,,,1,100,,2076,14,,,1,100,,2087,14,,,1,100,,2077,14,,,1,100,,2084,14,,,1,100,,2078,14,,,1,100,,2088,14,,,1,100,,2079,14,,,1,100,,2085,14,,,1,100,,2080,14,,,1
100003300,'Saturday-30',652,,4104,14,,,1,100,,4105,14,,,1,100,,4106,14,,,1,100,,4099,14,,,1,100,,4110,14,,,1,100,,4100,14,,,1,100,,4107,14,,,1,100,,4101,14,,,1,100,,4111,14,,,1,100,,4102,14,,,1,100,,4108,14,,,1,100,,4103,14,,,1
100003300,'Weekday-23',703,,2103,14,,,1,43,,2102,14,,,1,85,,2092,14,,,1,101,,2093,14,,,1,100,,2094,14,,,1,100,,2095,14,,,1,98,,2096,14,,,1,100,,2097,14,,,1,100,,2098,14,,,1,20,,2104,14,,,1,78,,2089,14,,,1,26,,2100,14,,,1
100003300,'Weekday-29',703,,4126,14,,,1,43,,4125,14,,,1,85,,4115,14,,,1,101,,4116,14,,,1,100,,4117,14,,,1,100,,4118,14,,,1,98,,4119,14,,,1,100,,4120,14,,,1,100,,4121,14,,,1,20,,4127,14,,,1,78,,4112,14,,,1,26,,4123,14,,,1
100003300,'Weekday-32',703,,4147,14,,,1,43,,4146,14,,,1,85,,4136,14,,,1,101,,4137,14,,,1,100,,4138,14,,,1,100,,4139,14,,,1,98,,4140,14,,,1,100,,4141,14,,,1,100,,4142,14,,,1,20,,4148,14,,,1,78,,4134,14,,,1,26,,4144,14,,,1
100003300,'Weekday-33',653,,4165,14,,,1,71,,4164,14,,,1,35,,4166,14,,,1,64,,4170,14,,,1,31,,4156,14,,,1,101,,4158,14,,,1,100,,4157,14,,,1,100,,4159,14,,,1,98,,4160,14,,,1,100,,4161,14,,,1,100,,4162,14,,,1,102,,4163,14,,,1
