100002101,'Weekday-23',702,,1718,28,,,1,25,,1720,28,,,1,19,,1719,28,,,1
100002101,'Weekday-29',702,,3806,28,,,1,25,,3808,28,,,1,19,,3807,28,,,1
100002101,'Weekday-32',702,,3809,28,,,1,25,,3811,28,,,1,19,,3810,28,,,1
100002200,'Weekday-23',548,,1735,14,,,1,59,,1733,14,,,1,20,,1736,14,,,1,21,,1732,22,,,1,157,,1734,22,,,1
100002200,'Weekday-29',548,,3823,14,,,1,59,,3821,14,,,1,20,,3824,14,,,1,21,,3820,22,,,1,157,,3822,22,,,1
100002200,'Weekday-32',548,,3828,14,,,1,59,,3826,14,,,1,20,,3829,14,,,1,21,,3825,22,,,1,157,,3827,22,,,1
100003100,'Saturday-27',554,,1791,15,,,1,100,,1792,15,,,1,100,,1793,15,,,1,100,,1794,15,,,1,100,,1799,15,,,1,100,,1795,15,,,1,100,,1800,15,,,1,100,,1796,15,,,1,100,,1801,15,,,1,100,,1797,15,,,1,100,,1802,15,,,1,100,,1798,15,,,1,100,,1803,15,,,1
100003100,'Saturday-30',554,,3866,15,,,1,100,,3867,15,,,1,100,,3868,15,,,1,100,,3869,15,,,1,100,,3874,15,,,1,100,,3870,15,,,1,100,,3875,15,,,1,100,,3871,15,,,1,100,,3876,15,,,1,100,,3872,15,,,1,100,,3877,15,,,1,100,,3873,15,,,1,100,,3878,15,,,1
100003100,'Weekday-23',715,,1812,15,,,1,119,,1814,15,,,1,96,,1805,15,,,1,100,,1806,15,,,1,100,,1807,15,,,1,100,,1808,15,,,1,102,,1809,15,,,1,100,,1810,15,,,1,20,,1815,15,,,1,76,,1811,15,,,1,26,,1813,15,,,1,283,,1804,15,,,1
100003100,'Weekday-29',715,,3887,15,,,1,119,,3889,15,,,1,96,,3880,15,,,1,100,,3881,15,,,1,100,,3882,15,,,1,100,,3883,15,,,1,102,,3884,15,,,1,100,,3885,15,,,1,20,,3890,15,,,1,76,,3886,15,,,1,26,,3888,15,,,1,283,,3879,15,,,1
100003100,'Weekday-32',715,,3899,15,,,1,119,,3901,15,,,1,96,,3892,15,,,1,100,,3893,15,,,1,100,,3894,15,,,1,100,,3895,15,,,1,102,,3896,15,,,1,100,,3897,15,,,1,20,,3891,15,,,1,76,,3898,15,,,1,26,,3900,15,,,1,283,,3902,15,,,1
100003100,'Weekday-33',655,,3913,15,,,1,71,,3904,15,,,1,30,,3914,15,,,1,70,,3903,15,,,1,27,,3910,15,,,1,100,,3911,15,,,1,100,,3912,15,,,1,100,,3909,15,,,1,100,,3907,15,,,1,102,,3915,15,,,1,100,,3916,15,,,1,100,,3917,15,,,1,70,,3905,15,,,1,33,,3918,15,,,1,68,,3906,15,,,1,30,,3908,15,,,1
