20100,'Holiday1-91',549,,2227,11,0,5,1,100,,2228,11,0,5,1,100,,2221,11,0,5,1,100,,2229,11,0,5,1,100,,2222,11,0,5,1,100,,2230,11,0,5,1,100,,2223,11,0,5,1,100,,2231,11,0,5,1,100,,2224,11,0,5,1,100,,2232,11,0,5,1,100,,2225,11,0,5,1,100,,2233,11,0,5,1,100,,2226,11,0,5,1,100,,2234,11,0,5,1
20100,'Saturday-27',549,,20,11,0,5,1,100,,33,11,0,5,1,100,,21,11,0,5,1,100,,34,11,0,5,1,100,,22,11,0,5,1,100,,35,11,0,5,1,100,,23,11,0,5,1,100,,36,11,0,5,1,100,,24,11,0,5,1,100,,37,11,0,5,1,100,,25,11,0,5,1,100,,38,11,0,5,1,100,,26,11,0,5,1,100,,30,11,0,5,1,100,,27,11,0,5,1,100,,31,11,0,5,1,100,,28,11,0,5,1,100,,32,11,0,5,1,100,,29,11,0,5,1
20100,'Saturday-30',549,,2235,11,0,5,1,100,,2248,11,0,5,1,100,,2236,11,0,5,1,100,,2249,11,0,5,1,100,,2237,11,0,5,1,100,,2250,11,0,5,1,100,,2238,11,0,5,1,100,,2251,11,0,5,1,100,,2239,11,0,5,1,100,,2252,11,0,5,1,100,,2240,11,0,5,1,100,,2253,11,0,5,1,100,,2241,11,0,5,1,100,,2245,11,0,5,1,100,,2242,11,0,5,1,100,,2246,11,0,5,1,100,,2243,11,0,5,1,100,,2247,11,0,5,1,100,,2244,11,0,5,1
20100,'Sunday-19',549,,45,11,0,5,1,100,,46,11,0,5,1,100,,39,11,0,5,1,100,,47,11,0,5,1,100,,40,11,0,5,1,100,,48,11,0,5,1,100,,41,11,0,5,1,100,,49,11,0,5,1,100,,42,11,0,5,1,100,,50,11,0,5,1,100,,43,11,0,5,1,100,,51,11,0,5,1,100,,44,11,0,5,1,100,,52,11,0,5,1
20100,'Sunday-31',549,,2260,11,0,5,1,100,,2261,11,0,5,1,100,,2254,11,0,5,1,100,,2262,11,0,5,1,100,,2255,11,0,5,1,100,,2263,11,0,5,1,100,,2256,11,0,5,1,100,,2264,11,0,5,1,100,,2257,11,0,5,1,100,,2265,11,0,5,1,100,,2258,11,0,5,1,100,,2266,11,0,5,1,100,,2259,11,0,5,1,100,,2267,11,0,5,1
20100,'Weekday-23',535,,69,11,0,5,1,70,,75,11,0,5,1,20,,65,11,0,5,1,20,,84,11,0,5,1,61,,70,11,0,5,1,22,,78,11,,,1,18,,76,11,,,1,61,,66,11,,,1,20,,83,11,,,1,18,,82,11,,,1,82,,79,11,0,5,1,100,,77,11,0,5,1,100,,80,11,0,5,1,100,,53,11,,,1,100,,64,11,0,5,1,100,,81,11,0,5,1,101,,58,11,0,5,1,21,,56,11,0,5,1,79,,67,11,0,5,1,18,,54,11,,,1,60,,71,11,0,5,1,22,,68,11,,,1,18,,59,11,0,5,1,61,,74,11,0,5,1,20,,61,11,0,5,1,78,,57,11,0,5,1,100,,63,11,0,5,1,100,,72,11,0,5,1,100,,62,11,0,5,1,100,,73,11,0,5,1,100,,60,11,0,5,1
20100,'Weekday-29',535,,2279,11,0,5,1,70,,2287,11,0,5,1,20,,2296,11,0,5,1,20,,2286,11,0,5,1,61,,2280,11,0,5,1,22,,2290,11,,,1,18,,2288,11,,,1,61,,2297,11,,,1,20,,2300,11,,,1,18,,2299,11,,,1,82,,2291,11,0,5,1,100,,2289,11,0,5,1,100,,2292,11,0,5,1,100,,2294,11,,,1,100,,2277,11,0,5,1,100,,2293,11,0,5,1,101,,2271,11,0,5,1,21,,2269,11,0,5,1,79,,2278,11,0,5,1,18,,2295,11,,,1,60,,2283,11,0,5,1,22,,2298,11,,,1,18,,2272,11,0,5,1,61,,2281,11,0,5,1,20,,2274,11,0,5,1,78,,2270,11,0,5,1,100,,2276,11,0,5,1,100,,2284,11,0,5,1,100,,2275,11,0,5,1,100,,2285,11,0,5,1,100,,2273,11,0,5,1
20100,'Weekday-32',535,,2328,11,0,5,1,70,,2301,11,0,5,1,20,,2317,11,0,5,1,20,,2319,11,0,5,1,61,,2329,11,0,5,1,22,,2323,11,,,1,18,,2302,11,,,1,61,,2318,11,,,1,20,,2320,11,,,1,18,,2333,11,,,1,82,,2330,11,0,5,1,100,,2303,11,0,5,1,100,,2331,11,0,5,1,100,,2325,11,,,1,100,,2316,11,0,5,1,100,,2332,11,0,5,1,101,,2310,11,0,5,1,21,,2306,11,0,5,1,79,,2322,11,0,5,1,18,,2326,11,,,1,60,,2327,11,0,5,1,22,,2324,11,,,1,18,,2311,11,0,5,1,61,,2304,11,0,5,1,20,,2313,11,0,5,1,78,,2307,11,0,5,1,100,,2315,11,0,5,1,100,,2308,11,0,5,1,100,,2314,11,0,5,1,100,,2309,11,0,5,1,100,,2312,11,0,5,1
20100,'Weekday-33',550,,2351,11,0,5,1,70,,2353,11,0,5,1,30,,2339,11,0,5,1,71,,2350,11,,,1,30,,2352,11,,,1,71,,2340,11,0,5,1,28,,2357,11,0,5,1,100,,2359,11,,,1,100,,2354,11,,,1,100,,2358,11,,,1,100,,2349,11,,,1,100,,2348,11,,,1,100,,2346,11,,,1,101,,2355,11,,,1,70,,2347,11,,,1,30,,2345,11,,,1,70,,2334,11,0,5,1,30,,2356,11,0,5,1,71,,2341,11,0,5,1,28,,2336,11,0,5,1,100,,2343,11,0,5,1,100,,2337,11,0,5,1,100,,2344,11,0,5,1,100,,2335,11,0,5,1,100,,2342,11,0,5,1
20200,'Weekday-23',845,,295,15,,,1,80,,297,15,,,1,100,,307,15,,,1,100,,298,15,,,1,101,,306,15,,,1,100,,299,15,,,1,100,,300,15,,,1,100,,304,15,,,1,23,,296,15,,,1,78,,286,15,,,1,24,,290,15,,,1,56,,285,15,,,1,20,,287,15,,,1,18,,292,15,,,1,60,,302,15,,,1,40,,293,15,,,1,60,,301,15,,,1
20200,'Weekday-29',845,,2505,15,,,1,80,,2507,15,,,1,100,,2517,15,,,1,100,,2508,15,,,1,101,,2516,15,,,1,100,,2509,15,,,1,100,,2510,15,,,1,100,,2512,15,,,1,23,,2506,15,,,1,78,,2496,15,,,1,24,,2500,15,,,1,56,,2495,15,,,1,20,,2497,15,,,1,18,,2502,15,,,1,60,,2514,15,,,1,40,,2503,15,,,1,60,,2513,15,,,1
20200,'Weekday-32',845,,2528,15,,,1,80,,2530,15,,,1,100,,2538,15,,,1,100,,2531,15,,,1,101,,2537,15,,,1,100,,2532,15,,,1,100,,2542,15,,,1,100,,2535,15,,,1,23,,2529,15,,,1,78,,2519,15,,,1,24,,2523,15,,,1,56,,2540,15,,,1,20,,2520,15,,,1,18,,2525,15,,,1,60,,2541,15,,,1,40,,2526,15,,,1,60,,2534,15,,,1
20200,'Weekday-33',850,,2550,15,,,1,100,,2546,15,,,1,100,,2555,15,,,1,100,,2554,15,,,1,101,,2556,15,,,1,100,,2553,15,,,1,100,,2557,15,,,1,100,,2551,15,,,1,71,,2559,15,,,1,32,,2545,15,,,1,68,,2549,15,,,1,28,,2558,15,,,1
