100000901,'Weekday-23',602,,1373,21,,,1,20,,1372,21,,,1,20,,1365,21,,,1,60,,1367,21,,,1,20,,1368,21,,,1,20,,1366,21,,,1,60,,1363,21,,,1,20,,1364,21,,,1,820,,1370,21,,,1,60,,1369,21,,,1,20,,1362,21,,,1,20,,1371,21,,,1
100000901,'Weekday-29',602,,3471,21,,,1,20,,3470,21,,,1,20,,3463,21,,,1,60,,3465,21,,,1,20,,3466,21,,,1,20,,3464,21,,,1,60,,3461,21,,,1,20,,3462,21,,,1,820,,3468,21,,,1,60,,3467,21,,,1,20,,3460,21,,,1,20,,3469,21,,,1
100000901,'Weekday-32',602,,3480,21,,,1,20,,3481,21,,,1,20,,3482,21,,,1,60,,3475,21,,,1,20,,3476,21,,,1,20,,3483,21,,,1,60,,3473,21,,,1,20,,3474,21,,,1,820,,3478,21,,,1,60,,3477,21,,,1,20,,3472,21,,,1,20,,3479,21,,,1
100000901,'Weekday-33',558,,3492,21,,,1,70,,3487,21,,,1,30,,3484,21,,,1,70,,3488,21,,,1,30,,3491,21,,,1,900,,3489,21,,,1,70,,3485,21,,,1,30,,3490,21,,,1,70,,3486,21,,,1
100003301,'Saturday-27',627,,2165,22,,,1,100,,2166,22,,,1,100,,2167,22,,,1,100,,2168,22,,,1,100,,2169,22,,,1,100,,2161,22,,,1,100,,2162,22,,,1,100,,2170,22,,,1,100,,2171,22,,,1,100,,2163,22,,,1,100,,2164,22,,,1,100,,2172,22,,,1,100,,2173,22,,,1
100003301,'Saturday-30',627,,4175,22,,,1,100,,4176,22,,,1,100,,4177,22,,,1,100,,4178,22,,,1,100,,4179,22,,,1,100,,4171,22,,,1,100,,4172,22,,,1,100,,4180,22,,,1,100,,4181,22,,,1,100,,4173,22,,,1,100,,4174,22,,,1,100,,4182,22,,,1,100,,4183,22,,,1
100003301,'Weekday-23',905,,2175,22,,,1,100,,2176,22,,,1,100,,2177,22,,,1,102,,2178,22,,,1,97,,2179,22,,,1,99,,2180,22,,,1,100,,2181,22,,,1,15,,2184,22,,,1,88,,2174,22,,,1
100003301,'Weekday-29',905,,4185,22,,,1,100,,4186,22,,,1,100,,4187,22,,,1,102,,4188,22,,,1,97,,4189,22,,,1,99,,4190,22,,,1,100,,4191,22,,,1,15,,4194,22,,,1,88,,4184,22,,,1
100003301,'Weekday-32',905,,4201,22,,,1,100,,4202,22,,,1,100,,4203,22,,,1,102,,4204,22,,,1,97,,4205,22,,,1,99,,4206,22,,,1,100,,4207,22,,,1,15,,4210,22,,,1,88,,4200,22,,,1
100003301,'Weekday-33',829,,4216,22,,,1,71,,4227,22,,,1,30,,4217,22,,,1,100,,4218,22,,,1,100,,4219,22,,,1,102,,4220,22,,,1,97,,4221,22,,,1,99,,4222,22,,,1,100,,4223,22,,,1,73,,4225,22,,,1,27,,4224,22,,,1
