100000600,'Saturday-30',559,,3170,17,,,1,100,,3171,17,,,1,100,,3172,17,,,1,100,,3173,17,,,1,100,,3174,17,,,1,100,,3175,17,,,1,100,,3176,17,,,1,100,,3177,17,,,1,100,,3178,17,,,1,100,,3179,17,,,1,100,,3180,17,,,1,100,,3181,17,,,1,100,,3182,17,,,1
100000600,'Weekday-29',548,,3191,17,,,1,60,,3188,17,,,1,20,,3192,17,,,1,20,,3187,17,,,1,60,,3184,17,,,1,20,,3194,17,,,1,18,,3183,17,,,1,60,,3197,17,,,1,40,,3201,17,,,1,100,,3195,17,,,1,100,,3186,17,,,1,100,,3205,17,,,1,100,,3196,17,,,1,100,,3206,17,,,1,100,,3193,17,,,1,60,,3198,17,,,1,40,,3204,17,,,1,60,,3203,17,,,1,20,,3199,17,,,1,20,,3202,17,,,1,60,,3189,17,,,1,20,,3185,17,,,1,20,,3200,17,,,1,80,,3190,17,,,1
100000600,'Weekday-32',548,,3216,17,,,1,60,,3213,17,,,1,20,,3217,17,,,1,20,,3212,17,,,1,60,,3209,17,,,1,20,,3218,17,,,1,18,,3208,17,,,1,60,,3221,17,,,1,40,,3222,17,,,1,100,,3219,17,,,1,100,,3211,17,,,1,100,,3224,17,,,1,100,,3220,17,,,1,100,,3229,17,,,1,100,,3225,17,,,1,60,,3226,17,,,1,40,,3223,17,,,1,60,,3230,17,,,1,20,,3227,17,,,1,20,,3207,17,,,1,60,,3214,17,,,1,20,,3210,17,,,1,20,,3228,17,,,1,80,,3215,17,,,1
100000600,'Weekday-33',543,,3245,17,,,1,70,,3246,17,,,1,30,,3243,17,,,1,70,,3239,17,,,1,30,,3244,17,,,1,70,,3240,17,,,1,100,,3241,17,,,1,100,,3248,17,,,1,100,,3242,17,,,1,100,,3249,17,,,1,100,,3237,17,,,1,100,,3247,17,,,1,100,,3238,17,,,1,30,,3233,17,,,1,70,,3234,17,,,1,30,,3231,17,,,1,70,,3235,17,,,1,30,,3232,17,,,1,70,,3236,17,,,1
100001400,'Holiday1-91',621,,3525,4,,,1,100,,3519,4,,,1,100,,3526,4,,,1,100,,3520,4,,,1,100,,3527,4,,,1,100,,3521,4,,,1,100,,3528,4,,,1,100,,3522,4,,,1,100,,3529,4,,,1,100,,3523,4,,,1,100,,3530,4,,,1,100,,3524,4,,,1,100,,3531,4,,,1
100001400,'Saturday-30',615,,3541,4,,,1,100,,3532,4,,,1,100,,3542,4,,,1,100,,3533,4,,,1,100,,3543,4,,,1,100,,3534,4,,,1,100,,3544,4,,,1,100,,3535,4,,,1,100,,3545,4,,,1,100,,3536,4,,,1,100,,3546,4,,,1,100,,3537,4,,,1,100,,3547,4,,,1,100,,3538,4,,,1,100,,3548,4,,,1,100,,3539,4,,,1,100,,3549,4,,,1,100,,3540,4,,,1
100001400,'Sunday-31',621,,3556,4,,,1,100,,3550,4,,,1,100,,3557,4,,,1,100,,3551,4,,,1,100,,3558,4,,,1,100,,3552,4,,,1,100,,3559,4,,,1,100,,3553,4,,,1,100,,3560,4,,,1,100,,3554,4,,,1,100,,3561,4,,,1,100,,3555,4,,,1,100,,3562,4,,,1
100001400,'Weekday-29',529,,3572,4,,,1,20,,3575,4,,,1,60,,3581,4,,,1,20,,3576,4,,,1,20,,3582,4,,,1,60,,3574,4,,,1,21,,3567,4,,,1,20,,3577,4,,,1,60,,3568,4,,,1,40,,3569,4,,,1,70,,3570,4,,,1,100,,3578,4,,,1,100,,3579,4,,,1,100,,3595,4,,,1,100,,3596,4,,,1,100,,3580,4,,,1,91,,3571,4,,,1,23,,3573,4,,,1,16,,3565,4,,,1,60,,3597,4,,,1,20,,3585,4,,,1,20,,3590,4,,,1,60,,3586,4,,,1,20,,3588,4,,,1,20,,3587,4,,,1,60,,3589,4,,,1,20,,3564,4,,,1,20,,3566,4,,,1,61,,3563,4,,,1,19,,3591,4,,,1,29,,3594,4,,,1,71,,3592,4,,,1,100,,3583,4,,,1,100,,3593,4,,,1,100,,3584,4,,,1
100001400,'Weekday-32',529,,3606,4,,,1,20,,3609,4,,,1,60,,3615,4,,,1,20,,3610,4,,,1,20,,3616,4,,,1,60,,3608,4,,,1,21,,3601,4,,,1,20,,3611,4,,,1,60,,3602,4,,,1,40,,3603,4,,,1,70,,3604,4,,,1,100,,3612,4,,,1,100,,3613,4,,,1,100,,3620,4,,,1,100,,3621,4,,,1,100,,3614,4,,,1,91,,3605,4,,,1,23,,3607,4,,,1,16,,3599,4,,,1,60,,3632,4,,,1,20,,3622,4,,,1,20,,3631,4,,,1,60,,3627,4,,,1,20,,3619,4,,,1,20,,3618,4,,,1,60,,3617,4,,,1,20,,3630,4,,,1,20,,3600,4,,,1,61,,3598,4,,,1,19,,3623,4,,,1,29,,3626,4,,,1,71,,3624,4,,,1,100,,3628,4,,,1,100,,3625,4,,,1,100,,3629,4,,,1
100001400,'Weekday-33',544,,3633,4,,,1,70,,3634,4,,,1,30,,3635,4,,,1,70,,3636,4,,,1,30,,3637,4,,,1,70,,3638,4,,,1,100,,3646,4,,,1,100,,3640,4,,,1,100,,3641,4,,,1,100,,3658,4,,,1,100,,3639,4,,,1,100,,3655,4,,,1,100,,3647,4,,,1,30,,3653,4,,,1,70,,3648,4,,,1,30,,3649,4,,,1,70,,3650,4,,,1,30,,3654,4,,,1,70,,3651,4,,,1,27,,3652,4,0,11 12 13,1,73,,3657,4,,,1,27,,3656,4,0,11 12 13,1,73,,3642,4,,,1,100,,3644,4,,,1,100,,3643,4,,,1,100,,3645,4,,,1
