100000400,'Saturday-27',652,,851,36,,,1,100,,844,36,,,1,100,,852,36,,,1,100,,845,36,,,1,100,,848,36,,,1,100,,853,36,,,1,100,,846,36,,,1,100,,849,36,,,1,100,,854,36,,,1,100,,847,36,,,1,100,,850,36,,,1,100,,855,36,,,1
100000400,'Saturday-30',652,,3013,36,,,1,100,,3006,36,,,1,100,,3014,36,,,1,100,,3007,36,,,1,100,,3010,36,,,1,100,,3015,36,,,1,100,,3008,36,,,1,100,,3011,36,,,1,100,,3016,36,,,1,100,,3009,36,,,1,100,,3012,36,,,1,100,,3017,36,,,1
100000400,'Weekday-23',559,,871,12,,,1,60,,869,12,,,1,20,,861,12,,,1,20,,863,12,,,1,47,,857,36,,,1,34,,858,36,,,1,60,,879,36,,,1,20,,859,36,,,1,38,,860,36,,,1,70,,880,36,,,1,100,,881,36,,,1,100,,862,36,,,1,100,,866,36,,,1,100,,867,36,,,1,31,,868,36,,,1,100,,872,36,,,1,64,,870,36,,,1,36,,875,36,,,1,62,,877,36,,,1,19,,856,36,,,1,60,,873,36,,,1,20,,865,36,,,1,19,,878,36,,,1,20,,874,36,,,1,60,,864,36,,,1,20,,876,36,,,1
100000400,'Weekday-29',559,,3042,12,,,1,60,,3035,12,,,1,20,,3023,12,,,1,20,,3025,12,,,1,47,,3019,36,,,1,34,,3020,36,,,1,60,,3039,36,,,1,20,,3021,36,,,1,38,,3022,36,,,1,70,,3040,36,,,1,100,,3041,36,,,1,100,,3024,36,,,1,100,,3028,36,,,1,100,,3029,36,,,1,31,,3030,36,,,1,100,,3032,36,,,1,64,,3031,36,,,1,36,,3033,36,,,1,62,,3037,36,,,1,19,,3018,36,,,1,60,,3043,36,,,1,20,,3027,36,,,1,19,,3038,36,,,1,20,,3036,36,,,1,60,,3026,36,,,1,20,,3034,36,,,1
100000400,'Weekday-32',559,,3068,12,,,1,60,,3058,12,,,1,20,,3048,12,,,1,20,,3069,12,,,1,47,,3044,36,,,1,34,,3045,36,,,1,60,,3060,36,,,1,20,,3046,36,,,1,38,,3047,36,,,1,70,,3061,36,,,1,100,,3062,36,,,1,100,,3049,36,,,1,100,,3066,36,,,1,100,,3056,36,,,1,31,,3057,36,,,1,100,,3059,36,,,1,64,,3067,36,,,1,36,,3050,36,,,1,62,,3063,36,,,1,19,,3051,36,,,1,60,,3064,36,,,1,20,,3052,36,,,1,19,,3065,36,,,1,20,,3053,36,,,1,60,,3055,36,,,1,20,,3054,36,,,1
100000400,'Weekday-33',720,,3079,36,,,1,32,,3080,36,,,1,70,,3081,36,,,1,29,,3082,36,,,1,101,,3078,36,,,1,100,,3075,36,,,1,100,,3076,36,,,1,100,,3085,36,,,1,100,,3077,36,,,1,100,,3083,36,,,1,69,,3084,36,,,1,99,,3070,36,,,1,31,,3071,36,,,1,70,,3072,36,,,1,29,,3073,36,,,1,70,,3074,36,,,1
100000801,'Saturday-27',652,,1278,33,,,1,100,,1279,33,,,1,100,,1280,33,,,1,100,,1281,33,,,1,100,,1282,33,,,1,100,,1283,33,,,1,100,,1284,33,,,1,100,,1285,33,,,1,100,,1286,33,,,1,100,,1287,33,,,1,100,,1288,33,,,1,100,,1289,33,,,1
100000801,'Saturday-30',652,,3376,33,,,1,100,,3377,33,,,1,100,,3378,33,,,1,100,,3379,33,,,1,100,,3380,33,,,1,100,,3381,33,,,1,100,,3382,33,,,1,100,,3383,33,,,1,100,,3384,33,,,1,100,,3385,33,,,1,100,,3386,33,,,1,100,,3387,33,,,1
100000801,'Weekday-23',858,,1304,33,,,1,100,,1302,33,,,1,100,,1295,33,,,1,100,,1303,33,,,1,100,,1294,33,,,1,100,,1305,33,,,1,100,,1306,33,,,1,63,,1296,33,,,1,36,,1297,33,,,1,60,,1292,33,,,1,20,,1298,33,,,1,21,,1291,33,,,1,59,,1301,33,,,1,21,,1290,33,,,1,20,,1300,33,,,1,62,,1293,33,,,1,19,,1299,33,,,1
100000801,'Weekday-29',858,,3401,33,,,1,100,,3404,33,,,1,100,,3393,33,,,1,100,,3400,33,,,1,100,,3392,33,,,1,100,,3402,33,,,1,100,,3403,33,,,1,63,,3394,33,,,1,36,,3395,33,,,1,60,,3390,33,,,1,20,,3396,33,,,1,21,,3389,33,,,1,59,,3399,33,,,1,21,,3388,33,,,1,20,,3398,33,,,1,62,,3391,33,,,1,19,,3397,33,,,1
100000801,'Weekday-32',858,,3415,33,,,1,100,,3418,33,,,1,100,,3409,33,,,1,100,,3414,33,,,1,100,,3419,33,,,1,100,,3416,33,,,1,100,,3417,33,,,1,63,,3410,33,,,1,36,,3420,33,,,1,60,,3407,33,,,1,20,,3421,33,,,1,21,,3406,33,,,1,59,,3413,33,,,1,21,,3405,33,,,1,20,,3412,33,,,1,62,,3408,33,,,1,19,,3411,33,,,1
100000801,'Weekday-33',951,,3425,33,,,1,100,,3424,33,,,1,100,,3422,33,,,1,100,,3423,33,,,1,100,,3426,33,,,1,69,,3427,33,,,1,31,,3428,33,,,1,69,,3429,33,,,1,30,,3430,33,,,1,70,,3431,33,,,1,30,,3432,33,,,1,70,,3433,33,,,1,30,,3434,33,,,1,70,,3435,33,,,1
100001400,'Holiday1-91',630,,3525,12,,,1,100,,3519,12,,,1,100,,3526,12,,,1,100,,3520,12,,,1,100,,3527,12,,,1,100,,3521,12,,,1,100,,3528,12,,,1,100,,3522,12,,,1,100,,3529,12,,,1,100,,3523,12,,,1,100,,3530,12,,,1,100,,3524,12,,,1,100,,3531,12,,,1
100001400,'Saturday-27',625,,1448,12,,,1,100,,1439,12,,,1,100,,1449,12,,,1,100,,1440,12,,,1,100,,1450,12,,,1,100,,1441,12,,,1,100,,1451,12,,,1,100,,1442,12,,,1,100,,1452,12,,,1,100,,1443,12,,,1,100,,1453,12,,,1,100,,1444,12,,,1,100,,1454,12,,,1,100,,1445,12,,,1,100,,1455,12,,,1,100,,1446,12,,,1,100,,1456,12,,,1,100,,1447,12,,,1
100001400,'Saturday-30',625,,3541,12,,,1,100,,3532,12,,,1,100,,3542,12,,,1,100,,3533,12,,,1,100,,3543,12,,,1,100,,3534,12,,,1,100,,3544,12,,,1,100,,3535,12,,,1,100,,3545,12,,,1,100,,3536,12,,,1,100,,3546,12,,,1,100,,3537,12,,,1,100,,3547,12,,,1,100,,3538,12,,,1,100,,3548,12,,,1,100,,3539,12,,,1,100,,3549,12,,,1,100,,3540,12,,,1
100001400,'Sunday-19',630,,1463,12,,,1,100,,1457,12,,,1,100,,1464,12,,,1,100,,1458,12,,,1,100,,1465,12,,,1,100,,1459,12,,,1,100,,1466,12,,,1,100,,1460,12,,,1,100,,1467,12,,,1,100,,1461,12,,,1,100,,1468,12,,,1,100,,1462,12,,,1,100,,1469,12,,,1
100001400,'Sunday-31',630,,3556,12,,,1,100,,3550,12,,,1,100,,3557,12,,,1,100,,3551,12,,,1,100,,3558,12,,,1,100,,3552,12,,,1,100,,3559,12,,,1,100,,3553,12,,,1,100,,3560,12,,,1,100,,3554,12,,,1,100,,3561,12,,,1,100,,3555,12,,,1,100,,3562,12,,,1
100001400,'Weekday-23',539,,1480,12,,,1,20,,1483,12,,,1,60,,1489,12,,,1,20,,1484,12,,,1,20,,1490,12,,,1,60,,1482,12,,,1,21,,1475,12,,,1,60,,1485,12,,,1,20,,1476,12,,,1,80,,1477,12,,,1,30,,1478,12,,,1,100,,1486,12,,,1,100,,1487,12,,,1,100,,1503,12,,,1,100,,1504,12,,,1,100,,1488,12,,,1,92,,1479,12,,,1,22,,1481,12,,,1,56,,1473,12,,,1,20,,1470,12,,,1,20,,1493,12,,,1,60,,1496,12,,,1,20,,1494,12,,,1,20,,1501,12,,,1,60,,1495,12,,,1,20,,1502,12,,,1,20,,1472,12,,,1,60,,1474,12,,,1,21,,1471,12,,,1,19,,1497,12,,,1,69,,1500,12,,,1,31,,1498,12,,,1,100,,1491,12,,,1,100,,1499,12,,,1,100,,1492,12,,,1
100001400,'Weekday-29',539,,3572,12,,,1,20,,3575,12,,,1,60,,3581,12,,,1,20,,3576,12,,,1,20,,3582,12,,,1,60,,3574,12,,,1,21,,3567,12,,,1,60,,3577,12,,,1,20,,3568,12,,,1,80,,3569,12,,,1,30,,3570,12,,,1,100,,3578,12,,,1,100,,3579,12,,,1,100,,3595,12,,,1,100,,3596,12,,,1,100,,3580,12,,,1,92,,3571,12,,,1,22,,3573,12,,,1,56,,3565,12,,,1,20,,3597,12,,,1,20,,3585,12,,,1,60,,3590,12,,,1,20,,3586,12,,,1,20,,3588,12,,,1,60,,3587,12,,,1,20,,3589,12,,,1,20,,3564,12,,,1,60,,3566,12,,,1,21,,3563,12,,,1,19,,3591,12,,,1,69,,3594,12,,,1,31,,3592,12,,,1,100,,3583,12,,,1,100,,3593,12,,,1,100,,3584,12,,,1
100001400,'Weekday-32',539,,3606,12,,,1,20,,3609,12,,,1,60,,3615,12,,,1,20,,3610,12,,,1,20,,3616,12,,,1,60,,3608,12,,,1,21,,3601,12,,,1,60,,3611,12,,,1,20,,3602,12,,,1,80,,3603,12,,,1,30,,3604,12,,,1,100,,3612,12,,,1,100,,3613,12,,,1,100,,3620,12,,,1,100,,3621,12,,,1,100,,3614,12,,,1,92,,3605,12,,,1,22,,3607,12,,,1,56,,3599,12,,,1,20,,3632,12,,,1,20,,3622,12,,,1,60,,3631,12,,,1,20,,3627,12,,,1,20,,3619,12,,,1,60,,3618,12,,,1,20,,3617,12,,,1,20,,3630,12,,,1,60,,3600,12,,,1,21,,3598,12,,,1,19,,3623,12,,,1,69,,3626,12,,,1,31,,3624,12,,,1,100,,3628,12,,,1,100,,3625,12,,,1,100,,3629,12,,,1
100001400,'Weekday-33',554,,3633,12,,,1,70,,3634,12,,,1,30,,3635,12,,,1,70,,3636,12,,,1,30,,3637,12,,,1,70,,3638,12,,,1,100,,3646,12,,,1,100,,3640,12,,,1,100,,3641,12,,,1,100,,3658,12,,,1,100,,3639,12,,,1,100,,3655,12,,,1,100,,3647,12,,,1,30,,3653,12,,,1,70,,3648,12,,,1,30,,3649,12,,,1,70,,3650,12,,,1,30,,3654,12,,,1,70,,3651,12,,,1,100,,3657,12,,,1,100,,3642,12,,,1,100,,3644,12,,,1,100,,3643,12,,,1,100,,3645,12,,,1
