20101,'Holiday1-91',632,,2360,18,,,1,100,,2367,18,,,1,100,,2361,18,,,1,100,,2368,18,,,1,100,,2362,18,,,1,100,,2369,18,,,1,100,,2363,18,,,1,100,,2370,18,,,1,100,,2364,18,,,1,100,,2371,18,,,1,100,,2365,18,,,1,100,,2372,18,,,1,100,,2366,18,,,1,100,,2373,18,,,1
20101,'Saturday-27',632,,164,18,,,1,100,,174,18,,,1,100,,165,18,,,1,100,,175,18,,,1,100,,166,18,,,1,100,,176,18,,,1,100,,167,18,,,1,100,,177,18,,,1,100,,168,18,,,1,100,,178,18,,,1,100,,169,18,,,1,100,,179,18,,,1,100,,170,18,,,1,100,,180,18,,,1,100,,171,18,,,1,100,,181,18,,,1,100,,172,18,,,1,100,,182,18,,,1,100,,173,18,,,1
20101,'Saturday-30',632,,2374,18,,,1,100,,2384,18,,,1,100,,2375,18,,,1,100,,2385,18,,,1,100,,2376,18,,,1,100,,2386,18,,,1,100,,2377,18,,,1,100,,2387,18,,,1,100,,2378,18,,,1,100,,2388,18,,,1,100,,2379,18,,,1,100,,2389,18,,,1,100,,2380,18,,,1,100,,2390,18,,,1,100,,2381,18,,,1,100,,2391,18,,,1,100,,2382,18,,,1,100,,2392,18,,,1,100,,2383,18,,,1
20101,'Sunday-19',632,,183,18,,,1,100,,190,18,,,1,100,,184,18,,,1,100,,191,18,,,1,100,,185,18,,,1,100,,192,18,,,1,100,,186,18,,,1,100,,193,18,,,1,100,,187,18,,,1,100,,194,18,,,1,100,,188,18,,,1,100,,195,18,,,1,100,,189,18,,,1,100,,196,18,,,1
20101,'Sunday-31',632,,2393,18,,,1,100,,2400,18,,,1,100,,2394,18,,,1,100,,2401,18,,,1,100,,2395,18,,,1,100,,2402,18,,,1,100,,2396,18,,,1,100,,2403,18,,,1,100,,2397,18,,,1,100,,2404,18,,,1,100,,2398,18,,,1,100,,2405,18,,,1,100,,2399,18,,,1,100,,2406,18,,,1
20101,'Weekday-23',616,,211,18,,,1,30,,217,18,,,1,65,,208,18,,,1,21,,226,18,,,1,68,,212,18,,,1,108,,219,18,,,1,101,,220,18,,,1,100,,218,18,,,1,100,,221,18,,,1,96,,223,18,,,1,99,,197,18,,,1,14,,207,18,,,1,88,,224,18,,,1,18,,222,18,,,1,19,,199,18,,,1,58,,227,18,,,1,22,,201,18,,,1,17,,225,18,,,1,63,,209,18,,,1,22,,210,18,,,1,28,,213,18,,,1,55,,198,18,,,1,26,,202,18,,,1,22,,216,18,,,1,62,,205,18,,,1,27,,200,18,,,1,100,,206,18,,,1,100,,214,18,,,1,100,,203,18,,,1,100,,215,18,,,1,100,,204,18,,,1
20101,'Weekday-29',616,,2418,18,,,1,30,,2429,18,,,1,65,,2437,18,,,1,21,,2428,18,,,1,68,,2419,18,,,1,108,,2431,18,,,1,101,,2432,18,,,1,100,,2430,18,,,1,100,,2433,18,,,1,96,,2421,18,,,1,99,,2435,18,,,1,14,,2415,18,,,1,88,,2422,18,,,1,18,,2434,18,,,1,19,,2407,18,,,1,58,,2424,18,,,1,22,,2409,18,,,1,17,,2423,18,,,1,63,,2416,18,,,1,22,,2417,18,,,1,28,,2425,18,,,1,55,,2436,18,,,1,26,,2410,18,,,1,22,,2420,18,,,1,62,,2413,18,,,1,27,,2408,18,,,1,100,,2414,18,,,1,100,,2426,18,,,1,100,,2411,18,,,1,100,,2427,18,,,1,100,,2412,18,,,1
20101,'Weekday-32',616,,2461,18,,,1,30,,2438,18,,,1,65,,2453,18,,,1,21,,2454,18,,,1,68,,2463,18,,,1,108,,2440,18,,,1,101,,2462,18,,,1,100,,2439,18,,,1,100,,2464,18,,,1,96,,2466,18,,,1,99,,2457,18,,,1,14,,2452,18,,,1,88,,2467,18,,,1,18,,2465,18,,,1,19,,2442,18,,,1,58,,2455,18,,,1,22,,2446,18,,,1,17,,2468,18,,,1,63,,2459,18,,,1,22,,2456,18,,,1,28,,2460,18,,,1,55,,2458,18,,,1,26,,2447,18,,,1,22,,2441,18,,,1,62,,2450,18,,,1,27,,2443,18,,,1,100,,2451,18,,,1,100,,2444,18,,,1,100,,2448,18,,,1,100,,2445,18,,,1,100,,2449,18,,,1
20101,'Weekday-33',631,,2486,18,,,1,70,,2487,18,,,1,34,,2475,18,,,1,71,,2489,18,,,1,27,,2485,18,,,1,79,,2476,18,,,1,21,,2491,18,,,1,100,,2474,18,,,1,100,,2494,18,,,1,100,,2488,18,,,1,100,,2493,18,,,1,100,,2484,18,,,1,100,,2482,18,,,1,70,,2481,18,,,1,27,,2469,18,,,1,75,,2490,18,,,1,30,,2483,18,,,1,71,,2470,18,,,1,30,,2492,18,,,1,72,,2477,18,,,1,22,,2471,18,,,1,100,,2478,18,,,1,100,,2472,18,,,1,100,,2479,18,,,1,100,,2473,18,,,1,100,,2480,18,,,1
20201,'Weekday-23',711,,369,6,,,1,20,,357,6,,,1,80,,367,6,,,1,96,,370,6,,,1,102,,359,6,,,1,100,,371,6,,,1,100,,360,6,,,1,100,,372,6,,,1,99,,362,6,,,1,20,,373,6,,,1,77,,363,6,,,1,21,,355,6,,,1,19,,366,6,,,1,60,,361,6,,,1,21,,368,6,,,1,20,,358,6,,,1,64,,351,6,,,1,22,,353,6,,,1,21,,350,6,,,1,57,,352,6,,,1,20,,354,6,,,1,18,,365,6,,,1,73,,356,6,,,1,25,,364,6,,,1
20201,'Weekday-29',711,,2579,6,,,1,20,,2567,6,,,1,80,,2575,6,,,1,96,,2580,6,,,1,102,,2569,6,,,1,100,,2581,6,,,1,100,,2570,6,,,1,100,,2582,6,,,1,99,,2572,6,,,1,20,,2583,6,,,1,77,,2573,6,,,1,21,,2565,6,,,1,19,,2574,6,,,1,60,,2571,6,,,1,21,,2576,6,,,1,20,,2568,6,,,1,64,,2561,6,,,1,22,,2563,6,,,1,21,,2560,6,,,1,57,,2562,6,,,1,20,,2564,6,,,1,18,,2578,6,,,1,73,,2566,6,,,1,25,,2577,6,,,1
20201,'Weekday-32',711,,2600,6,,,1,20,,2591,6,,,1,80,,2597,6,,,1,96,,2601,6,,,1,102,,2593,6,,,1,100,,2602,6,,,1,100,,2594,6,,,1,100,,2603,6,,,1,99,,2596,6,,,1,20,,2604,6,,,1,77,,2607,6,,,1,21,,2589,6,,,1,19,,2584,6,,,1,60,,2595,6,,,1,21,,2599,6,,,1,20,,2592,6,,,1,64,,2585,6,,,1,22,,2587,6,,,1,21,,2605,6,,,1,57,,2586,6,,,1,20,,2588,6,,,1,18,,2606,6,,,1,73,,2590,6,,,1,25,,2598,6,,,1
20201,'Weekday-33',703,,2608,6,,,1,30,,2612,6,,,1,70,,2615,6,,,1,30,,2609,6,,,1,69,,2613,6,,,1,32,,2616,6,,,1,100,,2614,6,,,1,100,,2621,6,,,1,100,,2619,6,,,1,100,,2622,6,,,1,100,,2620,6,,,1,100,,2623,6,,,1,70,,2610,6,,,1,30,,2617,6,,,1,70,,2625,6,,,1,29,,2611,6,,,1,70,,2618,6,,,1,30,,2624,6,,,1
