20201,'Weekday-23',731,,369,18,,,1,20,,357,18,,,1,80,,367,18,,,1,97,,370,18,,,1,100,,359,18,,,1,100,,371,18,,,1,100,,360,18,,,1,100,,372,18,,,1,100,,362,18,,,1,20,,373,18,,,1,79,,363,18,,,1,24,,355,18,,,1,60,,366,18,,,1,20,,361,18,,,1,20,,368,18,,,1,60,,358,18,,,1,20,,351,18,,,1,21,,353,18,,,1,61,,350,18,,,1,17,,352,18,,,1,20,,354,18,,,1,58,,365,18,,,1,33,,356,18,,,1,65,,364,18,,,1
20201,'Weekday-24',731,,393,18,,,1,20,,383,18,,,1,80,,390,18,,,1,97,,394,18,,,1,100,,385,18,,,1,100,,395,18,,,1,100,,386,18,,,1,100,,396,18,,,1,100,,388,18,,,1,20,,397,18,,,1,79,,389,18,,,1,24,,380,18,,,1,60,,374,18,,,1,20,,387,18,,,1,20,,392,18,,,1,60,,384,18,,,1,20,,376,18,,,1,21,,378,18,,,1,61,,375,18,,,1,17,,377,18,,,1,20,,379,18,,,1,58,,382,18,,,1,33,,381,18,,,1,65,,391,18,,,1
20201,'Weekday-28',722,,398,18,,,1,30,,402,18,,,1,70,,405,18,,,1,30,,399,18,,,1,70,,403,18,,,1,30,,406,18,,,1,100,,404,18,,,1,100,,411,18,,,1,100,,409,18,,,1,100,,412,18,,,1,100,,410,18,,,1,100,,413,18,,,1,70,,400,18,,,1,30,,407,18,,,1,70,,415,18,,,1,30,,401,18,,,1,70,,408,18,,,1,30,,414,18,,,1
100002100,'Weekday-23',1545,,1705,32,,,1,82,,1703,32,,,1,83,,1704,32,,,1,39,,1701,32,,,1,80,,1702,32,,,1
100002100,'Weekday-24',1545,,1706,32,,,1,82,,1707,32,,,1,83,,1708,32,,,1,39,,1709,32,,,1,80,,1710,32,,,1
100002100,'Weekday-28',722,,1711,15,,,1,30,,1712,15,,,1,70,,1713,15,,,1,700,,1714,15,,,1,100,,1715,15,,,1,30,,1716,15,,,1,70,,1717,15,,,1
100003100,'Saturday-25',602,,1778,27,,,1,100,,1779,27,,,1,100,,1780,27,,,1,100,,1781,27,,,1,100,,1786,27,,,1,100,,1782,27,,,1,100,,1787,27,,,1,100,,1783,27,,,1,100,,1788,27,,,1,100,,1784,27,,,1,100,,1789,27,,,1,100,,1785,27,,,1,100,,1790,27,,,1
100003100,'Saturday-27',602,,1791,27,,,1,100,,1792,27,,,1,100,,1793,27,,,1,100,,1794,27,,,1,100,,1799,27,,,1,100,,1795,27,,,1,100,,1800,27,,,1,100,,1796,27,,,1,100,,1801,27,,,1,100,,1797,27,,,1,100,,1802,27,,,1,100,,1798,27,,,1,100,,1803,27,,,1
100003100,'Weekday-23',723,,1812,27,,,1,119,,1814,27,,,1,96,,1805,27,,,1,100,,1806,27,,,1,100,,1807,27,,,1,100,,1808,27,,,1,100,,1809,27,,,1,100,,1810,27,,,1,21,,1815,27,,,1,77,,1811,27,,,1,66,,1813,27,,,1,242,,1804,27,,,1
100003100,'Weekday-24',723,,1824,27,,,1,119,,1826,27,,,1,96,,1817,27,,,1,100,,1818,27,,,1,100,,1819,27,,,1,100,,1820,27,,,1,100,,1821,27,,,1,100,,1822,27,,,1,21,,1816,27,,,1,77,,1823,27,,,1,66,,1825,27,,,1,242,,1827,27,,,1
100003100,'Weekday-28',703,,1838,27,,,1,31,,1829,27,,,1,69,,1839,27,,,1,30,,1828,27,,,1,68,,1835,27,,,1,100,,1836,27,,,1,100,,1837,27,,,1,100,,1834,27,,,1,100,,1832,27,,,1,101,,1840,27,,,1,100,,1841,27,,,1,101,,1842,27,,,1,30,,1830,27,,,1,72,,1843,27,,,1,28,,1831,27,,,1,70,,1833,27,,,1
