20100,'Weekday-23',755,,78,26,,,1,56,,76,26,,,1,23,,66,26,,,1,20,,83,26,,,1,55,,82,26,,,1,343,,53,26,,,1,462,,54,26,,,1,42,,68,26,,,1
20100,'Weekday-24',755,,105,26,,,1,56,,116,26,,,1,23,,100,26,,,1,20,,102,26,,,1,55,,118,26,,,1,343,,107,26,,,1,462,,108,26,,,1,42,,106,26,,,1
20100,'Weekday-28',745,,120,26,,,1,73,,122,26,,,1,199,,125,26,,,1,100,,124,26,,,1,101,,142,26,,,1,100,,119,26,,,1,100,,144,26,,,1,101,,139,26,,,1,101,,131,26,,,1,30,,143,26,,,1,71,,138,26,,,1
20101,'Saturday-25',613,,145,7,,,1,100,,155,7,,,1,100,,146,7,,,1,100,,156,7,,,1,100,,147,7,,,1,100,,157,7,,,1,100,,148,7,,,1,100,,158,7,,,1,100,,149,7,,,1,100,,159,7,,,1,100,,150,7,,,1,100,,160,7,,,1,100,,151,7,,,1,100,,161,7,,,1,100,,152,7,,,1,100,,162,7,,,1,100,,153,7,,,1,100,,163,7,,,1,100,,154,7,,,1
20101,'Saturday-27',613,,164,7,,,1,100,,174,7,,,1,100,,165,7,,,1,100,,175,7,,,1,100,,166,7,,,1,100,,176,7,,,1,100,,167,7,,,1,100,,177,7,,,1,100,,168,7,,,1,100,,178,7,,,1,100,,169,7,,,1,100,,179,7,,,1,100,,170,7,,,1,100,,180,7,,,1,100,,171,7,,,1,100,,181,7,,,1,100,,172,7,,,1,100,,182,7,,,1,100,,173,7,,,1
20101,'Sunday-19',613,,183,7,,,1,100,,190,7,,,1,100,,184,7,,,1,100,,191,7,,,1,100,,185,7,,,1,100,,192,7,,,1,100,,186,7,,,1,100,,193,7,,,1,100,,187,7,,,1,100,,194,7,,,1,100,,188,7,,,1,100,,195,7,,,1,100,,189,7,,,1,100,,196,7,,,1
20101,'Weekday-23',558,,211,7,,,1,70,,217,7,,,1,20,,208,7,,,1,60,,226,7,,,1,24,,212,7,,,1,118,,219,7,,,1,102,,220,7,,,1,100,,218,7,,,1,100,,221,7,,,1,93,,223,7,,,1,99,,197,7,,,1,10,,207,7,,,1,93,,224,7,,,1,54,,222,7,,,1,15,,199,7,,,1,18,,227,7,,,1,25,,201,7,,,1,56,,225,7,,,1,23,,209,7,,,1,62,,210,7,,,1,36,,213,7,,,1,12,,198,7,,,1,66,,202,7,,,1,24,,216,7,,,1,20,,205,7,,,1,69,,200,7,,,1,100,,206,7,,,1,100,,214,7,,,1,100,,203,7,,,1,100,,215,7,,,1,100,,204,7,,,1
20101,'Weekday-24',558,,248,7,,,1,70,,253,7,,,1,20,,240,7,,,1,60,,241,7,,,1,24,,250,7,,,1,118,,255,7,,,1,102,,249,7,,,1,100,,254,7,,,1,100,,251,7,,,1,93,,256,7,,,1,99,,244,7,,,1,10,,239,7,,,1,93,,257,7,,,1,54,,252,7,,,1,15,,229,7,,,1,18,,242,7,,,1,25,,233,7,,,1,56,,258,7,,,1,23,,246,7,,,1,62,,243,7,,,1,36,,247,7,,,1,12,,245,7,,,1,66,,234,7,,,1,24,,228,7,,,1,20,,237,7,,,1,69,,230,7,,,1,100,,238,7,,,1,100,,231,7,,,1,100,,235,7,,,1,100,,232,7,,,1,100,,236,7,,,1
20101,'Weekday-28',613,,261,7,,,1,30,,262,7,,,1,74,,280,7,,,1,28,,270,7,,,1,68,,260,7,,,1,40,,281,7,,,1,61,,272,7,,,1,99,,279,7,,,1,100,,264,7,,,1,100,,263,7,,,1,100,,282,7,,,1,100,,259,7,,,1,100,,283,7,,,1,29,,278,7,,,1,66,,265,7,,,1,39,,271,7,,,1,70,,284,7,,,1,33,,266,7,,,1,70,,273,7,,,1,34,,274,7,,,1,58,,267,7,,,1,100,,275,7,,,1,100,,268,7,,,1,100,,276,7,,,1,100,,269,7,,,1,100,,277,7,,,1
20801,'Weekday-23',1506,,756,4,,,1,14,,753,4,,,1,24,,758,4,,,1,57,,754,4,,,1,29,,752,4,,,1,13,,755,4,,,1,68,,757,4,,,1
20801,'Weekday-24',1506,,759,4,,,1,14,,763,4,,,1,24,,765,4,,,1,57,,761,4,,,1,29,,760,4,,,1,13,,762,4,,,1,68,,764,4,,,1
