100000900,'Weekday-23',709,,1341,12,,,1,23,,1340,12,,,1,880,,1346,12,,,1,20,,1344,12,,,1,21,,1338,12,,,1,59,,1347,12,,,1,20,,1345,12,,,1,21,,1339,12,,,1,61,,1343,12,,,1,20,,1342,12,,,1
100000900,'Weekday-29',709,,3439,12,,,1,23,,3438,12,,,1,880,,3444,12,,,1,20,,3442,12,,,1,21,,3436,12,,,1,59,,3445,12,,,1,20,,3443,12,,,1,21,,3437,12,,,1,61,,3441,12,,,1,20,,3440,12,,,1
100000900,'Weekday-32',709,,3455,12,,,1,23,,3448,12,,,1,880,,3453,12,,,1,20,,3451,12,,,1,21,,3446,12,,,1,59,,3454,12,,,1,20,,3452,12,,,1,21,,3447,12,,,1,61,,3450,12,,,1,20,,3449,12,,,1
100000900,'Weekday-33',1623,,3458,12,,,1,30,,3456,12,,,1,70,,3459,12,,,1,30,,3457,12,,,1
100003300,'Saturday-27',650,,2081,12,,,1,100,,2082,12,,,1,100,,2083,12,,,1,100,,2076,12,,,1,100,,2087,12,,,1,100,,2077,12,,,1,100,,2084,12,,,1,100,,2078,12,,,1,100,,2088,12,,,1,100,,2079,12,,,1,100,,2085,12,,,1,100,,2080,12,,,1
100003300,'Saturday-30',650,,4104,12,,,1,100,,4105,12,,,1,100,,4106,12,,,1,100,,4099,12,,,1,100,,4110,12,,,1,100,,4100,12,,,1,100,,4107,12,,,1,100,,4101,12,,,1,100,,4111,12,,,1,100,,4102,12,,,1,100,,4108,12,,,1,100,,4103,12,,,1
100003300,'Weekday-23',702,,2103,12,,,1,43,,2102,12,,,1,85,,2092,12,,,1,100,,2093,12,,,1,100,,2094,12,,,1,101,,2095,12,,,1,98,,2096,12,,,1,100,,2097,12,,,1,100,,2098,12,,,1,20,,2104,12,,,1,78,,2089,12,,,1,26,,2100,12,,,1
100003300,'Weekday-29',702,,4126,12,,,1,43,,4125,12,,,1,85,,4115,12,,,1,100,,4116,12,,,1,100,,4117,12,,,1,101,,4118,12,,,1,98,,4119,12,,,1,100,,4120,12,,,1,100,,4121,12,,,1,20,,4127,12,,,1,78,,4112,12,,,1,26,,4123,12,,,1
100003300,'Weekday-32',702,,4147,12,,,1,43,,4146,12,,,1,85,,4136,12,,,1,100,,4137,12,,,1,100,,4138,12,,,1,101,,4139,12,,,1,98,,4140,12,,,1,100,,4141,12,,,1,100,,4142,12,,,1,20,,4148,12,,,1,78,,4134,12,,,1,26,,4144,12,,,1
100003300,'Weekday-33',652,,4165,12,,,1,71,,4164,12,,,1,35,,4166,12,,,1,64,,4170,12,,,1,31,,4156,12,,,1,100,,4158,12,,,1,100,,4157,12,,,1,101,,4159,12,,,1,98,,4160,12,,,1,100,,4161,12,,,1,100,,4162,12,,,1,102,,4163,12,,,1
