100000501,'Saturday-27',627,,949,31,,,1,100,,944,36,,,1,100,,937,36,,,1,100,,945,36,,,1,100,,938,36,,,1,100,,946,36,,,1,100,,939,36,,,1,100,,942,36,,,1,100,,947,36,,,1,100,,940,36,,,1,100,,943,36,,,1,100,,948,36,,,1,100,,941,36,,,1
100000501,'Saturday-30',627,,3098,31,,,1,100,,3093,36,,,1,100,,3086,36,,,1,100,,3094,36,,,1,100,,3087,36,,,1,100,,3095,36,,,1,100,,3088,36,,,1,100,,3091,36,,,1,100,,3096,36,,,1,100,,3089,36,,,1,100,,3092,36,,,1,100,,3097,36,,,1,100,,3090,36,,,1
100000501,'Weekday-23',542,,958,31,,,1,60,,962,31,,,1,20,,964,31,,,1,20,,953,31,,,1,60,,956,31,,,1,20,,952,36,,,1,20,,957,36,,,1,60,,963,36,,,1,20,,973,36,,,1,80,,951,36,,,1,100,,971,36,,,1,100,,965,36,,,1,100,,950,36,,,1,100,,974,36,,,1,100,,967,36,,,1,100,,966,36,,,1,27,,968,36,,,1,73,,969,36,,,1,22,,959,36,,,1,18,,960,36,,,1,60,,975,36,,,1,20,,961,36,,,1,20,,970,36,,,1,60,,954,36,,,1,20,,972,36,,,1,20,,955,36,,,1
100000501,'Weekday-29',542,,3102,31,,,1,60,,3115,31,,,1,20,,3106,31,,,1,20,,3112,31,,,1,60,,3113,31,,,1,20,,3111,36,,,1,20,,3114,36,,,1,60,,3116,36,,,1,20,,3119,36,,,1,80,,3099,36,,,1,100,,3117,36,,,1,100,,3107,36,,,1,100,,3124,36,,,1,100,,3120,36,,,1,100,,3109,36,,,1,100,,3108,36,,,1,27,,3122,36,,,1,73,,3123,36,,,1,22,,3103,36,,,1,18,,3104,36,,,1,60,,3121,36,,,1,20,,3105,36,,,1,20,,3110,36,,,1,60,,3100,36,,,1,20,,3118,36,,,1,20,,3101,36,,,1
100000501,'Weekday-32',542,,3129,31,,,1,60,,3133,31,,,1,20,,3135,31,,,1,20,,3126,31,,,1,60,,3127,31,,,1,20,,3125,36,,,1,20,,3128,36,,,1,60,,3134,36,,,1,20,,3141,36,,,1,80,,3139,36,,,1,100,,3140,36,,,1,100,,3136,36,,,1,100,,3149,36,,,1,100,,3142,36,,,1,100,,3148,36,,,1,100,,3137,36,,,1,27,,3144,36,,,1,73,,3145,36,,,1,22,,3130,36,,,1,18,,3131,36,,,1,60,,3143,36,,,1,20,,3132,36,,,1,20,,3150,36,,,1,60,,3146,36,,,1,20,,3138,36,,,1,20,,3147,36,,,1
100000501,'Weekday-33',554,,3151,31,,,1,70,,3152,31,,,1,30,,3161,31,,,1,70,,3162,36,,,1,30,,3163,36,,,1,70,,3164,36,,,1,30,,3165,36,,,1,70,,3166,36,,,1,100,,3167,36,,,1,100,,3153,36,,,1,100,,3154,36,,,1,100,,3169,36,,,1,100,,3168,36,,,1,100,,3158,36,,,1,30,,3159,31,,,1,70,,3160,36,,,1,100,,3155,36,,,1,30,,3156,36,,,1,70,,3157,36,,,1
100000600,'Saturday-27',612,,1034,27,,,1,100,,1035,27,,,1,100,,1036,27,,,1,100,,1037,27,,,1,100,,1038,27,,,1,100,,1039,27,,,1,100,,1040,27,,,1,100,,1041,27,,,1,100,,1042,27,,,1,100,,1043,27,,,1,100,,1044,27,,,1,100,,1045,27,,,1,100,,1046,27,,,1
100000600,'Saturday-30',612,,3170,27,,,1,100,,3171,27,,,1,100,,3172,27,,,1,100,,3173,27,,,1,100,,3174,27,,,1,100,,3175,27,,,1,100,,3176,27,,,1,100,,3177,27,,,1,100,,3178,27,,,1,100,,3179,27,,,1,100,,3180,27,,,1,100,,3181,27,,,1,100,,3182,27,,,1
100000600,'Weekday-23',602,,1055,27,,,1,20,,1052,27,,,1,20,,1056,27,,,1,60,,1051,27,,,1,20,,1048,27,,,1,20,,1058,27,,,1,60,,1047,27,,,1,20,,1061,27,,,1,80,,1065,27,,,1,100,,1059,27,,,1,100,,1050,27,,,1,100,,1070,27,,,1,100,,1060,27,,,1,100,,1068,27,,,1,100,,1057,27,,,1,20,,1062,27,,,1,80,,1066,27,,,1,20,,1069,27,,,1,20,,1063,27,,,1,60,,1067,27,,,1,20,,1053,27,,,1,20,,1049,27,,,1,60,,1064,27,,,1,40,,1054,27,,,1
100000600,'Weekday-29',602,,3191,27,,,1,20,,3188,27,,,1,20,,3192,27,,,1,60,,3187,27,,,1,20,,3184,27,,,1,20,,3194,27,,,1,60,,3183,27,,,1,20,,3197,27,,,1,80,,3201,27,,,1,100,,3195,27,,,1,100,,3186,27,,,1,100,,3205,27,,,1,100,,3196,27,,,1,100,,3206,27,,,1,100,,3193,27,,,1,20,,3198,27,,,1,80,,3204,27,,,1,20,,3203,27,,,1,20,,3199,27,,,1,60,,3202,27,,,1,20,,3189,27,,,1,20,,3185,27,,,1,60,,3200,27,,,1,40,,3190,27,,,1
100000600,'Weekday-32',602,,3216,27,,,1,20,,3213,27,,,1,20,,3217,27,,,1,60,,3212,27,,,1,20,,3209,27,,,1,20,,3218,27,,,1,60,,3208,27,,,1,20,,3221,27,,,1,80,,3222,27,,,1,100,,3219,27,,,1,100,,3211,27,,,1,100,,3224,27,,,1,100,,3220,27,,,1,100,,3229,27,,,1,100,,3225,27,,,1,20,,3226,27,,,1,80,,3223,27,,,1,20,,3230,27,,,1,20,,3227,27,,,1,60,,3207,27,,,1,20,,3214,27,,,1,20,,3210,27,,,1,60,,3228,27,,,1,40,,3215,27,,,1
100000600,'Weekday-33',556,,3245,27,,,1,70,,3246,27,,,1,30,,3243,27,,,1,70,,3239,27,,,1,30,,3244,27,,,1,70,,3240,27,,,1,100,,3241,27,,,1,100,,3248,27,,,1,100,,3242,27,,,1,100,,3249,27,,,1,100,,3237,27,,,1,100,,3247,27,,,1,100,,3238,27,,,1,30,,3233,27,,,1,70,,3234,27,,,1,30,,3231,27,,,1,70,,3235,27,,,1,30,,3232,27,,,1,70,,3236,27,,,1
