100000700,'Saturday-27',702,,1206,6,,,1,100,,1207,6,,,1,100,,1208,6,,,1,100,,1209,6,,,1,100,,1214,6,,,1,100,,1210,6,,,1,100,,1215,6,,,1,100,,1211,6,,,1,100,,1216,6,,,1,100,,1212,6,,,1,100,,1217,6,,,1,100,,1213,6,,,1
100000700,'Saturday-30',702,,3316,6,,,1,100,,3317,6,,,1,100,,3318,6,,,1,100,,3319,6,,,1,100,,3324,6,,,1,100,,3320,6,,,1,100,,3325,6,,,1,100,,3321,6,,,1,100,,3326,6,,,1,100,,3322,6,,,1,100,,3327,6,,,1,100,,3323,6,,,1
100000700,'Weekday-23',659,,1231,6,,,1,60,,1219,6,,,1,20,,1222,6,,,1,20,,1224,6,,,1,80,,1227,6,,,1,100,,1230,6,,,1,100,,1226,6,,,1,100,,1221,6,,,1,100,,1225,6,,,1,100,,1228,6,,,1
100000700,'Weekday-29',659,,3338,6,,,1,60,,3329,6,,,1,20,,3332,6,,,1,20,,3334,6,,,1,80,,3341,6,,,1,100,,3340,6,,,1,100,,3336,6,,,1,100,,3331,6,,,1,100,,3335,6,,,1,100,,3337,6,,,1
100000700,'Weekday-32',659,,3351,6,,,1,60,,3342,6,,,1,20,,3345,6,,,1,20,,3347,6,,,1,80,,3354,6,,,1,100,,3353,6,,,1,100,,3349,6,,,1,100,,3344,6,,,1,100,,3348,6,,,1,100,,3355,6,,,1
100000700,'Weekday-33',701,,3371,6,,,1,30,,3372,6,,,1,70,,3373,6,,,1,30,,3374,6,,,1,70,,3375,6,,,1,100,,3369,6,,,1,100,,3356,6,,,1,100,,3357,6,,,1,100,,3359,6,,,1,100,,3358,6,,,1,100,,3360,6,,,1,30,,3361,6,,,1,70,,3362,6,,,1,30,,3363,6,,,1,70,,3364,6,,,1,30,,3365,6,,,1,70,,3366,6,,,1
100000801,'Saturday-27',633,,1278,5,,,1,100,,1279,5,,,1,100,,1280,5,,,1,100,,1281,5,,,1,100,,1282,5,,,1,100,,1283,5,,,1,100,,1284,5,,,1,100,,1285,5,,,1,100,,1286,5,,,1,100,,1287,5,,,1,100,,1288,5,,,1,100,,1289,5,,,1
100000801,'Saturday-30',633,,3376,5,,,1,100,,3377,5,,,1,100,,3378,5,,,1,100,,3379,5,,,1,100,,3380,5,,,1,100,,3381,5,,,1,100,,3382,5,,,1,100,,3383,5,,,1,100,,3384,5,,,1,100,,3385,5,,,1,100,,3386,5,,,1,100,,3387,5,,,1
100000801,'Weekday-23',840,,1304,5,,,1,100,,1302,5,,,1,100,,1295,5,,,1,100,,1303,5,,,1,100,,1294,5,,,1,100,,1305,5,,,1,100,,1306,5,,,1,61,,1296,5,,,1,36,,1297,5,,,1,20,,1292,5,,,1,60,,1298,5,,,1,21,,1291,5,,,1,19,,1301,5,,,1,62,,1290,5,,,1,19,,1300,5,,,1,62,,1293,5,,,1,19,,1299,5,,,1
100000801,'Weekday-29',840,,3401,5,,,1,100,,3404,5,,,1,100,,3393,5,,,1,100,,3400,5,,,1,100,,3392,5,,,1,100,,3402,5,,,1,100,,3403,5,,,1,61,,3394,5,,,1,36,,3395,5,,,1,20,,3390,5,,,1,60,,3396,5,,,1,21,,3389,5,,,1,19,,3399,5,,,1,62,,3388,5,,,1,19,,3398,5,,,1,62,,3391,5,,,1,19,,3397,5,,,1
100000801,'Weekday-32',840,,3415,5,,,1,100,,3418,5,,,1,100,,3409,5,,,1,100,,3414,5,,,1,100,,3419,5,,,1,100,,3416,5,,,1,100,,3417,5,,,1,61,,3410,5,,,1,36,,3420,5,,,1,20,,3407,5,,,1,60,,3421,5,,,1,21,,3406,5,,,1,19,,3413,5,,,1,62,,3405,5,,,1,19,,3412,5,,,1,62,,3408,5,,,1,19,,3411,5,,,1
100000801,'Weekday-33',933,,3425,5,,,1,100,,3424,5,,,1,100,,3422,5,,,1,100,,3423,5,,,1,100,,3426,5,,,1,67,,3427,5,,,1,33,,3428,5,,,1,67,,3429,5,,,1,30,,3430,5,,,1,70,,3431,5,,,1,30,,3432,5,,,1,70,,3433,5,,,1,30,,3434,5,,,1,70,,3435,5,,,1
