20100,'Holiday1-91',550,,2227,12,0,5,1,100,,2228,12,0,5,1,100,,2221,12,0,5,1,100,,2229,12,0,5,1,100,,2222,12,0,5,1,100,,2230,12,0,5,1,100,,2223,12,0,5,1,100,,2231,12,0,5,1,100,,2224,12,0,5,1,100,,2232,12,0,5,1,100,,2225,12,0,5,1,100,,2233,12,0,5,1,100,,2226,12,0,5,1,100,,2234,12,0,5,1
20100,'Saturday-27',550,,20,12,0,5,1,100,,33,12,0,5,1,100,,21,12,0,5,1,100,,34,12,0,5,1,100,,22,12,0,5,1,100,,35,12,0,5,1,100,,23,12,0,5,1,100,,36,12,0,5,1,100,,24,12,0,5,1,100,,37,12,0,5,1,100,,25,12,0,5,1,100,,38,12,0,5,1,100,,26,12,0,5,1,100,,30,12,0,5,1,100,,27,12,0,5,1,100,,31,12,0,5,1,100,,28,12,0,5,1,100,,32,12,0,5,1,100,,29,12,0,5,1
20100,'Saturday-30',550,,2235,12,0,5,1,100,,2248,12,0,5,1,100,,2236,12,0,5,1,100,,2249,12,0,5,1,100,,2237,12,0,5,1,100,,2250,12,0,5,1,100,,2238,12,0,5,1,100,,2251,12,0,5,1,100,,2239,12,0,5,1,100,,2252,12,0,5,1,100,,2240,12,0,5,1,100,,2253,12,0,5,1,100,,2241,12,0,5,1,100,,2245,12,0,5,1,100,,2242,12,0,5,1,100,,2246,12,0,5,1,100,,2243,12,0,5,1,100,,2247,12,0,5,1,100,,2244,12,0,5,1
20100,'Sunday-19',550,,45,12,0,5,1,100,,46,12,0,5,1,100,,39,12,0,5,1,100,,47,12,0,5,1,100,,40,12,0,5,1,100,,48,12,0,5,1,100,,41,12,0,5,1,100,,49,12,0,5,1,100,,42,12,0,5,1,100,,50,12,0,5,1,100,,43,12,0,5,1,100,,51,12,0,5,1,100,,44,12,0,5,1,100,,52,12,0,5,1
20100,'Sunday-31',550,,2260,12,0,5,1,100,,2261,12,0,5,1,100,,2254,12,0,5,1,100,,2262,12,0,5,1,100,,2255,12,0,5,1,100,,2263,12,0,5,1,100,,2256,12,0,5,1,100,,2264,12,0,5,1,100,,2257,12,0,5,1,100,,2265,12,0,5,1,100,,2258,12,0,5,1,100,,2266,12,0,5,1,100,,2259,12,0,5,1,100,,2267,12,0,5,1
20100,'Weekday-23',536,,69,12,0,5,1,70,,75,12,0,5,1,20,,65,12,0,5,1,20,,84,12,0,5,1,61,,70,12,0,5,1,22,,78,12,,,1,18,,76,12,,,1,61,,66,12,,,1,20,,83,12,,,1,17,,82,12,,,1,82,,79,12,0,5,1,100,,77,12,0,5,1,100,,80,12,0,5,1,100,,53,12,,,1,100,,64,12,0,5,1,101,,81,12,0,5,1,101,,58,12,0,5,1,21,,56,12,0,5,1,79,,67,12,0,5,1,18,,54,12,,,1,60,,71,12,0,5,1,22,,68,12,,,1,18,,59,12,0,5,1,61,,74,12,0,5,1,20,,61,12,0,5,1,77,,57,12,0,5,1,100,,63,12,0,5,1,100,,72,12,0,5,1,100,,62,12,0,5,1,100,,73,12,0,5,1,100,,60,12,0,5,1
20100,'Weekday-29',536,,2279,12,0,5,1,70,,2287,12,0,5,1,20,,2296,12,0,5,1,20,,2286,12,0,5,1,61,,2280,12,0,5,1,22,,2290,12,,,1,18,,2288,12,,,1,61,,2297,12,,,1,20,,2300,12,,,1,17,,2299,12,,,1,82,,2291,12,0,5,1,100,,2289,12,0,5,1,100,,2292,12,0,5,1,100,,2294,12,,,1,100,,2277,12,0,5,1,101,,2293,12,0,5,1,101,,2271,12,0,5,1,21,,2269,12,0,5,1,79,,2278,12,0,5,1,18,,2295,12,,,1,60,,2283,12,0,5,1,22,,2298,12,,,1,18,,2272,12,0,5,1,61,,2281,12,0,5,1,20,,2274,12,0,5,1,77,,2270,12,0,5,1,100,,2276,12,0,5,1,100,,2284,12,0,5,1,100,,2275,12,0,5,1,100,,2285,12,0,5,1,100,,2273,12,0,5,1
20100,'Weekday-32',536,,2328,12,0,5,1,70,,2301,12,0,5,1,20,,2317,12,0,5,1,20,,2319,12,0,5,1,61,,2329,12,0,5,1,22,,2323,12,,,1,18,,2302,12,,,1,61,,2318,12,,,1,20,,2320,12,,,1,17,,2333,12,,,1,82,,2330,12,0,5,1,100,,2303,12,0,5,1,100,,2331,12,0,5,1,100,,2325,12,,,1,100,,2316,12,0,5,1,101,,2332,12,0,5,1,101,,2310,12,0,5,1,21,,2306,12,0,5,1,79,,2322,12,0,5,1,18,,2326,12,,,1,60,,2327,12,0,5,1,22,,2324,12,,,1,18,,2311,12,0,5,1,61,,2304,12,0,5,1,20,,2313,12,0,5,1,77,,2307,12,0,5,1,100,,2315,12,0,5,1,100,,2308,12,0,5,1,100,,2314,12,0,5,1,100,,2309,12,0,5,1,100,,2312,12,0,5,1
20100,'Weekday-33',551,,2351,12,0,5,1,70,,2353,12,0,5,1,30,,2339,12,0,5,1,71,,2350,12,,,1,30,,2352,12,,,1,71,,2340,12,0,5,1,27,,2357,12,0,5,1,100,,2359,12,,,1,100,,2354,12,,,1,100,,2358,12,,,1,100,,2349,12,,,1,100,,2348,12,,,1,101,,2346,12,,,1,101,,2355,12,,,1,70,,2347,12,,,1,30,,2345,12,,,1,70,,2334,12,0,5,1,30,,2356,12,0,5,1,71,,2341,12,0,5,1,27,,2336,12,0,5,1,100,,2343,12,0,5,1,100,,2337,12,0,5,1,100,,2344,12,0,5,1,100,,2335,12,0,5,1,100,,2342,12,0,5,1
20200,'Weekday-23',846,,295,16,,,1,80,,297,16,,,1,100,,307,16,,,1,100,,298,16,,,1,101,,306,16,,,1,100,,299,16,,,1,100,,300,16,,,1,100,,304,16,,,1,23,,296,16,,,1,78,,286,16,,,1,25,,290,16,,,1,54,,285,16,,,1,20,,287,16,,,1,19,,292,16,,,1,60,,302,16,,,1,40,,293,16,,,1,60,,301,16,,,1
20200,'Weekday-29',846,,2505,16,,,1,80,,2507,16,,,1,100,,2517,16,,,1,100,,2508,16,,,1,101,,2516,16,,,1,100,,2509,16,,,1,100,,2510,16,,,1,100,,2512,16,,,1,23,,2506,16,,,1,78,,2496,16,,,1,25,,2500,16,,,1,54,,2495,16,,,1,20,,2497,16,,,1,19,,2502,16,,,1,60,,2514,16,,,1,40,,2503,16,,,1,60,,2513,16,,,1
20200,'Weekday-32',846,,2528,16,,,1,80,,2530,16,,,1,100,,2538,16,,,1,100,,2531,16,,,1,101,,2537,16,,,1,100,,2532,16,,,1,100,,2542,16,,,1,100,,2535,16,,,1,23,,2529,16,,,1,78,,2519,16,,,1,25,,2523,16,,,1,54,,2540,16,,,1,20,,2520,16,,,1,19,,2525,16,,,1,60,,2541,16,,,1,40,,2526,16,,,1,60,,2534,16,,,1
20200,'Weekday-33',851,,2550,16,,,1,100,,2546,16,,,1,100,,2555,16,,,1,100,,2554,16,,,1,101,,2556,16,,,1,100,,2553,16,,,1,100,,2557,16,,,1,100,,2551,16,,,1,71,,2559,16,,,1,33,,2545,16,,,1,66,,2549,16,,,1,29,,2558,16,,,1
