20201,'Weekday-23',731,,369,19,,,1,20,,357,19,,,1,80,,367,19,,,1,97,,370,19,,,1,100,,359,19,,,1,100,,371,19,,,1,100,,360,19,,,1,100,,372,19,,,1,100,,362,19,,,1,20,,373,19,,,1,80,,363,19,,,1,23,,355,19,,,1,60,,366,19,,,1,20,,361,19,,,1,20,,368,19,,,1,60,,358,19,,,1,20,,351,19,,,1,21,,353,19,,,1,61,,350,19,,,1,18,,352,19,,,1,19,,354,19,,,1,58,,365,19,,,1,33,,356,19,,,1,65,,364,19,,,1
20201,'Weekday-24',731,,393,19,,,1,20,,383,19,,,1,80,,390,19,,,1,97,,394,19,,,1,100,,385,19,,,1,100,,395,19,,,1,100,,386,19,,,1,100,,396,19,,,1,100,,388,19,,,1,20,,397,19,,,1,80,,389,19,,,1,23,,380,19,,,1,60,,374,19,,,1,20,,387,19,,,1,20,,392,19,,,1,60,,384,19,,,1,20,,376,19,,,1,21,,378,19,,,1,61,,375,19,,,1,18,,377,19,,,1,19,,379,19,,,1,58,,382,19,,,1,33,,381,19,,,1,65,,391,19,,,1
20201,'Weekday-28',723,,398,19,,,1,30,,402,19,,,1,70,,405,19,,,1,30,,399,19,,,1,70,,403,19,,,1,30,,406,19,,,1,100,,404,19,,,1,100,,411,19,,,1,100,,409,19,,,1,100,,412,19,,,1,100,,410,19,,,1,100,,413,19,,,1,70,,400,19,,,1,30,,407,19,,,1,70,,415,19,,,1,30,,401,19,,,1,70,,408,19,,,1,30,,414,19,,,1
100002100,'Weekday-23',1546,,1705,33,,,1,82,,1703,33,,,1,82,,1704,33,,,1,39,,1701,33,,,1,80,,1702,33,,,1
100002100,'Weekday-24',1546,,1706,33,,,1,82,,1707,33,,,1,82,,1708,33,,,1,39,,1709,33,,,1,80,,1710,33,,,1
100002100,'Weekday-28',723,,1711,16,,,1,30,,1712,16,,,1,70,,1713,16,,,1,700,,1714,16,,,1,100,,1715,16,,,1,30,,1716,16,,,1,70,,1717,16,,,1
100003100,'Saturday-25',604,,1778,28,,,1,100,,1779,28,,,1,100,,1780,28,,,1,100,,1781,28,,,1,100,,1786,28,,,1,100,,1782,28,,,1,100,,1787,28,,,1,100,,1783,28,,,1,100,,1788,28,,,1,100,,1784,28,,,1,100,,1789,28,,,1,100,,1785,28,,,1,100,,1790,28,,,1
100003100,'Saturday-27',604,,1791,28,,,1,100,,1792,28,,,1,100,,1793,28,,,1,100,,1794,28,,,1,100,,1799,28,,,1,100,,1795,28,,,1,100,,1800,28,,,1,100,,1796,28,,,1,100,,1801,28,,,1,100,,1797,28,,,1,100,,1802,28,,,1,100,,1798,28,,,1,100,,1803,28,,,1
100003100,'Weekday-23',725,,1812,28,,,1,118,,1814,28,,,1,96,,1805,28,,,1,100,,1806,28,,,1,100,,1807,28,,,1,100,,1808,28,,,1,101,,1809,28,,,1,100,,1810,28,,,1,61,,1815,28,,,1,36,,1811,28,,,1,66,,1813,28,,,1,243,,1804,28,,,1
100003100,'Weekday-24',725,,1824,28,,,1,118,,1826,28,,,1,96,,1817,28,,,1,100,,1818,28,,,1,100,,1819,28,,,1,100,,1820,28,,,1,101,,1821,28,,,1,100,,1822,28,,,1,61,,1816,28,,,1,36,,1823,28,,,1,66,,1825,28,,,1,243,,1827,28,,,1
100003100,'Weekday-28',705,,1838,28,,,1,31,,1829,28,,,1,69,,1839,28,,,1,30,,1828,28,,,1,68,,1835,28,,,1,100,,1836,28,,,1,100,,1837,28,,,1,100,,1834,28,,,1,100,,1832,28,,,1,101,,1840,28,,,1,100,,1841,28,,,1,100,,1842,28,,,1,30,,1830,28,,,1,72,,1843,28,,,1,29,,1831,28,,,1,70,,1833,28,,,1
