100002101,'Weekday-23',658,,1718,23,,,1,66,,1720,23,,,1,19,,1719,23,,,1
100002101,'Weekday-29',658,,3806,23,,,1,66,,3808,23,,,1,19,,3807,23,,,1
100002101,'Weekday-32',658,,3809,23,,,1,66,,3811,23,,,1,19,,3810,23,,,1
100002200,'Weekday-23',546,,1735,9,,,1,59,,1733,9,,,1,20,,1736,9,,,1,21,,1732,17,,,1,156,,1734,17,,,1
100002200,'Weekday-29',546,,3823,9,,,1,59,,3821,9,,,1,20,,3824,9,,,1,21,,3820,17,,,1,156,,3822,17,,,1
100002200,'Weekday-32',546,,3828,9,,,1,59,,3826,9,,,1,20,,3829,9,,,1,21,,3825,17,,,1,156,,3827,17,,,1
100003101,'Saturday-27',629,,1857,22,,,1,100,,1858,22,,,1,100,,1859,22,,,1,100,,1860,22,,,1,100,,1865,22,,,1,100,,1861,22,,,1,100,,1866,22,,,1,100,,1862,22,,,1,100,,1867,22,,,1,100,,1863,22,,,1,100,,1868,22,,,1,100,,1864,22,,,1,100,,1869,22,,,1
100003101,'Saturday-30',629,,3919,22,,,1,100,,3920,22,,,1,100,,3921,22,,,1,100,,3922,22,,,1,100,,3927,22,,,1,100,,3923,22,,,1,100,,3928,22,,,1,100,,3924,22,,,1,100,,3929,22,,,1,100,,3925,22,,,1,100,,3930,22,,,1,100,,3926,22,,,1,100,,3931,22,,,1
100003101,'Weekday-23',821,,1880,22,,,1,81,,1872,22,,,1,100,,1873,22,,,1,100,,1874,22,,,1,100,,1875,22,,,1,100,,1876,22,,,1,100,,1877,22,,,1,100,,1878,22,,,1,15,,1881,22,,,1,85,,1879,22,,,1,99,,1871,22,,,1,40,,1870,22,,,1,80,,1882,22,,,1
100003101,'Weekday-29',821,,3942,22,,,1,81,,3934,22,,,1,100,,3935,22,,,1,100,,3936,22,,,1,100,,3937,22,,,1,100,,3938,22,,,1,100,,3939,22,,,1,100,,3940,22,,,1,15,,3943,22,,,1,85,,3941,22,,,1,99,,3933,22,,,1,40,,3932,22,,,1,80,,3944,22,,,1
100003101,'Weekday-32',821,,3954,22,,,1,81,,3946,22,,,1,100,,3947,22,,,1,100,,3948,22,,,1,100,,3949,22,,,1,100,,3950,22,,,1,100,,3951,22,,,1,100,,3952,22,,,1,15,,3955,22,,,1,85,,3953,22,,,1,99,,3945,22,,,1,40,,3957,22,,,1,80,,3956,22,,,1
100003101,'Weekday-33',559,,3977,18,,,1,67,,3972,18,,,1,30,,3960,18,,,1,71,,3964,22,,,1,30,,3958,22,,,1,70,,3965,22,,,1,30,,3959,22,,,1,70,,3966,22,,,1,100,,3967,22,,,1,100,,3968,22,,,1,100,,3969,22,,,1,100,,3973,22,,,1,100,,3974,22,,,1,100,,3975,22,,,1,30,,3961,22,,,1,70,,3976,22,,,1,29,,3962,22,,,1,70,,3970,22,,,1,30,,3963,22,,,1,70,,3971,22,,,1
