20101,'Holiday1-91',638,,2360,23,,,1,100,,2367,23,,,1,100,,2361,23,,,1,100,,2368,23,,,1,100,,2362,23,,,1,100,,2369,23,,,1,100,,2363,23,,,1,100,,2370,23,,,1,100,,2364,23,,,1,100,,2371,23,,,1,100,,2365,23,,,1,100,,2372,23,,,1,100,,2366,23,,,1,100,,2373,23,,,1
20101,'Saturday-30',638,,2374,23,,,1,100,,2384,23,,,1,100,,2375,23,,,1,100,,2385,23,,,1,100,,2376,23,,,1,100,,2386,23,,,1,100,,2377,23,,,1,100,,2387,23,,,1,100,,2378,23,,,1,100,,2388,23,,,1,100,,2379,23,,,1,100,,2389,23,,,1,100,,2380,23,,,1,100,,2390,23,,,1,100,,2381,23,,,1,100,,2391,23,,,1,100,,2382,23,,,1,100,,2392,23,,,1,100,,2383,23,,,1
20101,'Sunday-31',638,,2393,23,,,1,100,,2400,23,,,1,100,,2394,23,,,1,100,,2401,23,,,1,100,,2395,23,,,1,100,,2402,23,,,1,100,,2396,23,,,1,100,,2403,23,,,1,100,,2397,23,,,1,100,,2404,23,,,1,100,,2398,23,,,1,100,,2405,23,,,1,100,,2399,23,,,1,100,,2406,23,,,1
20101,'Weekday-29',622,,2418,23,,,1,30,,2429,23,,,1,64,,2437,23,,,1,21,,2428,23,,,1,74,,2419,23,,,1,102,,2431,23,,,1,101,,2432,23,,,1,100,,2430,23,,,1,100,,2433,23,,,1,98,,2421,23,,,1,99,,2435,23,,,1,18,,2415,23,,,1,83,,2422,23,,,1,21,,2434,23,,,1,19,,2407,23,,,1,59,,2424,23,,,1,21,,2409,23,,,1,19,,2423,23,,,1,61,,2416,23,,,1,22,,2417,23,,,1,24,,2425,23,,,1,56,,2436,23,,,1,25,,2410,23,,,1,62,,2420,23,,,1,24,,2413,23,,,1,27,,2408,23,,,1,100,,2414,23,,,1,100,,2426,23,,,1,100,,2411,23,,,1,100,,2427,23,,,1,100,,2412,23,,,1
20101,'Weekday-32',622,,2461,23,,,1,30,,2438,23,,,1,64,,2453,23,,,1,21,,2454,23,,,1,74,,2463,23,,,1,102,,2440,23,,,1,101,,2462,23,,,1,100,,2439,23,,,1,100,,2464,23,,,1,98,,2466,23,,,1,99,,2457,23,,,1,18,,2452,23,,,1,83,,2467,23,,,1,21,,2465,23,,,1,19,,2442,23,,,1,59,,2455,23,,,1,21,,2446,23,,,1,19,,2468,23,,,1,61,,2459,23,,,1,22,,2456,23,,,1,24,,2460,23,,,1,56,,2458,23,,,1,25,,2447,23,,,1,62,,2441,23,,,1,24,,2450,23,,,1,27,,2443,23,,,1,100,,2451,23,,,1,100,,2444,23,,,1,100,,2448,23,,,1,100,,2445,23,,,1,100,,2449,23,,,1
20101,'Weekday-33',637,,2486,23,,,1,70,,2487,23,,,1,32,,2475,23,,,1,70,,2489,23,,,1,29,,2485,23,,,1,78,,2476,23,,,1,22,,2491,23,,,1,100,,2474,23,,,1,100,,2494,23,,,1,100,,2488,23,,,1,100,,2493,23,,,1,100,,2484,23,,,1,100,,2482,23,,,1,70,,2481,23,,,1,29,,2469,23,,,1,72,,2490,23,,,1,30,,2483,23,,,1,70,,2470,23,,,1,30,,2492,23,,,1,72,,2477,23,,,1,26,,2471,23,,,1,100,,2478,23,,,1,100,,2472,23,,,1,100,,2479,23,,,1,100,,2473,23,,,1,100,,2480,23,,,1
20201,'Weekday-29',716,,2579,11,,,1,20,,2567,11,,,1,80,,2575,11,,,1,97,,2580,11,,,1,101,,2569,11,,,1,100,,2581,11,,,1,100,,2570,11,,,1,100,,2582,11,,,1,99,,2572,11,,,1,20,,2583,11,,,1,78,,2573,11,,,1,23,,2565,11,,,1,19,,2574,11,,,1,60,,2571,11,,,1,21,,2576,11,,,1,20,,2568,11,,,1,62,,2561,11,,,1,21,,2563,11,,,1,21,,2560,11,,,1,57,,2562,11,,,1,20,,2564,11,,,1,18,,2578,11,,,1,73,,2566,11,,,1,25,,2577,11,,,1
20201,'Weekday-32',716,,2600,11,,,1,20,,2591,11,,,1,80,,2597,11,,,1,97,,2601,11,,,1,101,,2593,11,,,1,100,,2602,11,,,1,100,,2594,11,,,1,100,,2603,11,,,1,99,,2596,11,,,1,20,,2604,11,,,1,78,,2607,11,,,1,23,,2589,11,,,1,19,,2584,11,,,1,60,,2595,11,,,1,21,,2599,11,,,1,20,,2592,11,,,1,62,,2585,11,,,1,21,,2587,11,,,1,21,,2605,11,,,1,57,,2586,11,,,1,20,,2588,11,,,1,18,,2606,11,,,1,73,,2590,11,,,1,25,,2598,11,,,1
20201,'Weekday-33',708,,2608,11,,,1,30,,2612,11,,,1,70,,2615,11,,,1,30,,2609,11,,,1,70,,2613,11,,,1,31,,2616,11,,,1,100,,2614,11,,,1,100,,2621,11,,,1,100,,2619,11,,,1,100,,2622,11,,,1,100,,2620,11,,,1,100,,2623,11,,,1,70,,2610,11,,,1,30,,2617,11,,,1,70,,2625,11,,,1,29,,2611,11,,,1,70,,2618,11,,,1,30,,2624,11,,,1
20301,'Saturday-30',1038,,2711,8,,,1,100,,2716,8,,,1,100,,2712,8,,,1,100,,2717,8,,,1,100,,2713,8,,,1,100,,2718,8,,,1,100,,2714,8,,,1,100,,2719,8,,,1,100,,2715,8,,,1
20301,'Weekday-29',715,,2735,8,,,1,20,,2724,8,,,1,80,,2740,8,,,1,99,,2734,8,,,1,99,,2725,8,,,1,100,,2741,8,,,1,101,,2726,8,,,1,99,,2727,8,,,1,101,,2723,8,,,1,17,,2739,8,,,1,82,,2720,8,,,1,102,,2742,8,,,1,38,,2722,8,,,1,64,,2738,8,,,1,40,,2733,8,,,1,57,,2737,8,,,1,38,,2721,8,,,1,73,,2736,8,,,1,28,,2728,8,,,1,99,,2729,8,,,1,100,,2730,8,,,1,100,,2731,8,,,1,100,,2732,8,,,1
20301,'Weekday-32',715,,2749,8,,,1,20,,2750,8,,,1,80,,2764,8,,,1,99,,2754,8,,,1,99,,2751,8,,,1,100,,2765,8,,,1,101,,2752,8,,,1,99,,2762,8,,,1,101,,2755,8,,,1,17,,2759,8,,,1,82,,2753,8,,,1,102,,2763,8,,,1,38,,2760,8,,,1,64,,2758,8,,,1,40,,2761,8,,,1,57,,2757,8,,,1,38,,2743,8,,,1,73,,2756,8,,,1,28,,2744,8,,,1,99,,2745,8,,,1,100,,2746,8,,,1,100,,2747,8,,,1,100,,2748,8,,,1
20301,'Weekday-33',707,,2769,8,,,1,30,,2771,8,,,1,70,,2775,8,,,1,30,,2770,8,,,1,77,,2772,8,,,1,23,,2776,8,,,1,100,,2773,8,,,1,100,,2777,8,,,1,100,,2774,8,,,1,100,,2778,8,,,1,100,,2782,8,,,1,100,,2779,8,,,1,70,,2766,8,,,1,30,,2783,8,,,1,72,,2780,8,,,1,29,,2767,8,,,1,69,,2784,8,,,1,30,,2781,8,,,1,70,,2768,8,,,1,30,,2785,8,,,1,100,,2786,8,,,1,100,,2787,8,,,1,100,,2788,8,,,1,100,,2789,8,,,1,100,,2790,8,,,1
