100000900,'Weekday-23',706,,1341,6,,,1,23,,1340,6,,,1,880,,1346,6,,,1,20,,1344,6,,,1,21,,1338,6,,,1,59,,1347,6,,,1,20,,1345,6,,,1,21,,1339,6,,,1,61,,1343,6,,,1,20,,1342,6,,,1
100000900,'Weekday-29',706,,3439,6,,,1,23,,3438,6,,,1,880,,3444,6,,,1,20,,3442,6,,,1,21,,3436,6,,,1,59,,3445,6,,,1,20,,3443,6,,,1,21,,3437,6,,,1,61,,3441,6,,,1,20,,3440,6,,,1
100000900,'Weekday-32',706,,3455,6,,,1,23,,3448,6,,,1,880,,3453,6,,,1,20,,3451,6,,,1,21,,3446,6,,,1,59,,3454,6,,,1,20,,3452,6,,,1,21,,3447,6,,,1,61,,3450,6,,,1,20,,3449,6,,,1
100000900,'Weekday-33',1620,,3458,6,,,1,30,,3456,6,,,1,70,,3459,6,,,1,30,,3457,6,,,1
100003300,'Saturday-27',648,,2081,6,,,1,100,,2082,6,,,1,100,,2083,6,,,1,100,,2076,6,,,1,100,,2087,6,,,1,100,,2077,6,,,1,100,,2084,6,,,1,100,,2078,6,,,1,100,,2088,6,,,1,100,,2079,6,,,1,100,,2085,6,,,1,100,,2080,6,,,1
100003300,'Saturday-30',648,,4104,6,,,1,100,,4105,6,,,1,100,,4106,6,,,1,100,,4099,6,,,1,100,,4110,6,,,1,100,,4100,6,,,1,100,,4107,6,,,1,100,,4101,6,,,1,100,,4111,6,,,1,100,,4102,6,,,1,100,,4108,6,,,1,100,,4103,6,,,1
100003300,'Weekday-23',659,,2103,6,,,1,83,,2102,6,,,1,85,,2092,6,,,1,100,,2093,6,,,1,100,,2094,6,,,1,100,,2095,6,,,1,99,,2096,6,,,1,100,,2097,6,,,1,100,,2098,6,,,1,20,,2104,6,,,1,77,,2089,6,,,1,26,,2100,6,,,1
100003300,'Weekday-29',659,,4126,6,,,1,83,,4125,6,,,1,85,,4115,6,,,1,100,,4116,6,,,1,100,,4117,6,,,1,100,,4118,6,,,1,99,,4119,6,,,1,100,,4120,6,,,1,100,,4121,6,,,1,20,,4127,6,,,1,77,,4112,6,,,1,26,,4123,6,,,1
100003300,'Weekday-32',659,,4147,6,,,1,83,,4146,6,,,1,85,,4136,6,,,1,100,,4137,6,,,1,100,,4138,6,,,1,100,,4139,6,,,1,99,,4140,6,,,1,100,,4141,6,,,1,100,,4142,6,,,1,20,,4148,6,,,1,77,,4134,6,,,1,26,,4144,6,,,1
100003300,'Weekday-33',649,,4165,6,,,1,71,,4164,6,,,1,34,,4166,6,,,1,65,,4170,6,,,1,30,,4156,6,,,1,101,,4158,6,,,1,100,,4157,6,,,1,100,,4159,6,,,1,99,,4160,6,,,1,100,,4161,6,,,1,100,,4162,6,,,1,101,,4163,6,,,1
