100000700,'Saturday-25',614,,1192,19,,,1,100,,1193,27,,,1,100,,1194,27,,,1,100,,1195,27,,,1,100,,1196,27,,,1,100,,1201,27,,,1,100,,1197,27,,,1,100,,1202,27,,,1,100,,1198,27,,,1,100,,1203,27,,,1,100,,1199,27,,,1,100,,1204,27,,,1,100,,1200,27,,,1
100000700,'Saturday-27',614,,1205,19,,,1,100,,1206,27,,,1,100,,1207,27,,,1,100,,1208,27,,,1,100,,1209,27,,,1,100,,1214,27,,,1,100,,1210,27,,,1,100,,1215,27,,,1,100,,1211,27,,,1,100,,1216,27,,,1,100,,1212,27,,,1,100,,1217,27,,,1,100,,1213,27,,,1
100000700,'Weekday-23',550,,1229,19,,,1,60,,1223,19,,,1,20,,1218,19,,,1,20,,1220,19,,,1,60,,1231,27,,,1,20,,1219,27,,,1,20,,1222,27,,,1,60,,1224,27,,,1,40,,1227,27,,,1,100,,1230,27,,,1,100,,1226,27,,,1,100,,1221,27,,,1,100,,1225,27,,,1,100,,1228,27,,,1
100000700,'Weekday-24',550,,1244,19,,,1,60,,1236,19,,,1,20,,1240,19,,,1,20,,1233,19,,,1,60,,1241,27,,,1,20,,1232,27,,,1,20,,1235,27,,,1,60,,1237,27,,,1,40,,1242,27,,,1,100,,1245,27,,,1,100,,1239,27,,,1,100,,1234,27,,,1,100,,1238,27,,,1,100,,1243,27,,,1
100000700,'Weekday-28',542,,1265,19,,,1,70,,1264,19,,,1,30,,1257,19,,,1,70,,1258,27,,,1,30,,1259,27,,,1,70,,1260,27,,,1,30,,1261,27,,,1,70,,1262,27,,,1,100,,1263,27,,,1,100,,1246,27,,,1,100,,1247,27,,,1,100,,1249,27,,,1,100,,1248,27,,,1,100,,1250,27,,,1,30,,1251,27,,,1,70,,1252,27,,,1,30,,1253,27,,,1,70,,1254,27,,,1,30,,1255,27,,,1,70,,1256,27,,,1
100000801,'Saturday-25',642,,1266,26,,,1,100,,1267,26,,,1,100,,1268,26,,,1,100,,1269,26,,,1,100,,1270,26,,,1,100,,1271,26,,,1,100,,1272,26,,,1,100,,1273,26,,,1,100,,1274,26,,,1,100,,1275,26,,,1,100,,1276,26,,,1,100,,1277,26,,,1
100000801,'Saturday-27',642,,1278,26,,,1,100,,1279,26,,,1,100,,1280,26,,,1,100,,1281,26,,,1,100,,1282,26,,,1,100,,1283,26,,,1,100,,1284,26,,,1,100,,1285,26,,,1,100,,1286,26,,,1,100,,1287,26,,,1,100,,1288,26,,,1,100,,1289,26,,,1
100000801,'Weekday-23',849,,1304,26,,,1,100,,1302,26,,,1,100,,1295,26,,,1,101,,1303,26,,,1,100,,1294,26,,,1,100,,1305,26,,,1,100,,1306,26,,,1,60,,1296,26,,,1,36,,1297,26,,,1,60,,1292,26,,,1,20,,1298,26,,,1,21,,1291,26,,,1,59,,1301,26,,,1,22,,1290,26,,,1,19,,1300,26,,,1,62,,1293,26,,,1,19,,1299,26,,,1
100000801,'Weekday-24',849,,1321,26,,,1,100,,1319,26,,,1,100,,1312,26,,,1,101,,1320,26,,,1,100,,1311,26,,,1,100,,1322,26,,,1,100,,1323,26,,,1,60,,1313,26,,,1,36,,1314,26,,,1,60,,1309,26,,,1,20,,1318,26,,,1,21,,1308,26,,,1,59,,1317,26,,,1,22,,1307,26,,,1,19,,1316,26,,,1,62,,1310,26,,,1,19,,1315,26,,,1
100000801,'Weekday-28',942,,1327,26,,,1,100,,1326,26,,,1,101,,1324,26,,,1,100,,1325,26,,,1,100,,1328,26,,,1,66,,1329,26,,,1,34,,1330,26,,,1,66,,1331,26,,,1,30,,1332,26,,,1,70,,1333,26,,,1,30,,1334,26,,,1,70,,1335,26,,,1,30,,1336,26,,,1,70,,1337,26,,,1
