20201,'Weekday-29',727,,2579,13,,,1,20,,2567,13,,,1,80,,2575,13,,,1,97,,2580,13,,,1,100,,2569,13,,,1,100,,2581,13,,,1,100,,2570,13,,,1,100,,2582,13,,,1,100,,2572,13,,,1,20,,2583,13,,,1,78,,2573,13,,,1,25,,2565,13,,,1,60,,2574,13,,,1,20,,2571,13,,,1,20,,2576,13,,,1,60,,2568,13,,,1,20,,2561,13,,,1,21,,2563,13,,,1,61,,2560,13,,,1,17,,2562,13,,,1,20,,2564,13,,,1,58,,2578,13,,,1,33,,2566,13,,,1,65,,2577,13,,,1
20201,'Weekday-32',727,,2600,13,,,1,20,,2591,13,,,1,80,,2597,13,,,1,97,,2601,13,,,1,100,,2593,13,,,1,100,,2602,13,,,1,100,,2594,13,,,1,100,,2603,13,,,1,100,,2596,13,,,1,20,,2604,13,,,1,78,,2607,13,,,1,25,,2589,13,,,1,60,,2584,13,,,1,20,,2595,13,,,1,20,,2599,13,,,1,60,,2592,13,,,1,20,,2585,13,,,1,21,,2587,13,,,1,61,,2605,13,,,1,17,,2586,13,,,1,20,,2588,13,,,1,58,,2606,13,,,1,33,,2590,13,,,1,65,,2598,13,,,1
20201,'Weekday-33',718,,2608,13,,,1,30,,2612,13,,,1,70,,2615,13,,,1,30,,2609,13,,,1,70,,2613,13,,,1,30,,2616,13,,,1,100,,2614,13,,,1,100,,2621,13,,,1,100,,2619,13,,,1,100,,2622,13,,,1,100,,2620,13,,,1,100,,2623,13,,,1,70,,2610,13,,,1,30,,2617,13,,,1,70,,2625,13,,,1,30,,2611,13,,,1,70,,2618,13,,,1,30,,2624,13,,,1
100002100,'Weekday-29',1526,,3793,2,,,1,82,,3791,2,,,1,40,,3792,2,,,1,80,,3789,2,,,1,81,,3790,2,,,1
100002100,'Weekday-32',1526,,3794,2,,,1,82,,3797,2,,,1,40,,3798,2,,,1,80,,3795,2,,,1,81,,3796,2,,,1
100002200,'Weekday-29',634,,3820,2,,,1,116,,3822,2,,,1
100002200,'Weekday-32',634,,3825,2,,,1,116,,3827,2,,,1
100002300,'Weekday-29',1627,,3832,2,,,1,80,,3830,2,,,1,41,,3831,2,,,1
100002300,'Weekday-32',1627,,3833,2,,,1,80,,3834,2,,,1,41,,3835,2,,,1
100003100,'Saturday-30',547,,3866,2,,,1,100,,3867,2,,,1,100,,3868,2,,,1,100,,3869,2,,,1,100,,3874,2,,,1,100,,3870,2,,,1,100,,3875,2,,,1,100,,3871,2,,,1,100,,3876,2,,,1,100,,3872,2,,,1,100,,3877,2,,,1,100,,3873,2,,,1,100,,3878,2,,,1
100003100,'Weekday-29',708,,3887,2,,,1,119,,3889,2,,,1,98,,3880,2,,,1,100,,3881,2,,,1,100,,3882,2,,,1,100,,3883,2,,,1,101,,3884,2,,,1,100,,3885,2,,,1,20,,3890,2,,,1,76,,3886,2,,,1,26,,3888,2,,,1,282,,3879,2,,,1
100003100,'Weekday-32',708,,3899,2,,,1,119,,3901,2,,,1,98,,3892,2,,,1,100,,3893,2,,,1,100,,3894,2,,,1,100,,3895,2,,,1,101,,3896,2,,,1,100,,3897,2,,,1,20,,3891,2,,,1,76,,3898,2,,,1,26,,3900,2,,,1,282,,3902,2,,,1
100003100,'Weekday-33',649,,3913,2,,,1,70,,3904,2,,,1,30,,3914,2,,,1,70,,3903,2,,,1,29,,3910,2,,,1,100,,3911,2,,,1,100,,3912,2,,,1,100,,3909,2,,,1,100,,3907,2,,,1,101,,3915,2,,,1,100,,3916,2,,,1,100,,3917,2,,,1,70,,3905,2,,,1,31,,3918,2,,,1,69,,3906,2,,,1,30,,3908,2,,,1
