20201,'Weekday-23',730,,369,17,,,1,20,,357,17,,,1,80,,367,17,,,1,97,,370,17,,,1,100,,359,17,,,1,100,,371,17,,,1,100,,360,17,,,1,100,,372,17,,,1,100,,362,17,,,1,20,,373,17,,,1,80,,363,17,,,1,23,,355,17,,,1,60,,366,17,,,1,20,,361,17,,,1,20,,368,17,,,1,60,,358,17,,,1,20,,351,17,,,1,21,,353,17,,,1,61,,350,17,,,1,18,,352,17,,,1,19,,354,17,,,1,58,,365,17,,,1,33,,356,17,,,1,65,,364,17,,,1
20201,'Weekday-29',730,,2579,17,,,1,20,,2567,17,,,1,80,,2575,17,,,1,97,,2580,17,,,1,100,,2569,17,,,1,100,,2581,17,,,1,100,,2570,17,,,1,100,,2582,17,,,1,100,,2572,17,,,1,20,,2583,17,,,1,80,,2573,17,,,1,23,,2565,17,,,1,60,,2574,17,,,1,20,,2571,17,,,1,20,,2576,17,,,1,60,,2568,17,,,1,20,,2561,17,,,1,21,,2563,17,,,1,61,,2560,17,,,1,18,,2562,17,,,1,19,,2564,17,,,1,58,,2578,17,,,1,33,,2566,17,,,1,65,,2577,17,,,1
20201,'Weekday-32',730,,2600,17,,,1,20,,2591,17,,,1,80,,2597,17,,,1,97,,2601,17,,,1,100,,2593,17,,,1,100,,2602,17,,,1,100,,2594,17,,,1,100,,2603,17,,,1,100,,2596,17,,,1,20,,2604,17,,,1,80,,2607,17,,,1,23,,2589,17,,,1,60,,2584,17,,,1,20,,2595,17,,,1,20,,2599,17,,,1,60,,2592,17,,,1,20,,2585,17,,,1,21,,2587,17,,,1,61,,2605,17,,,1,18,,2586,17,,,1,19,,2588,17,,,1,58,,2606,17,,,1,33,,2590,17,,,1,65,,2598,17,,,1
20201,'Weekday-33',722,,2608,17,,,1,30,,2612,17,,,1,70,,2615,17,,,1,30,,2609,17,,,1,70,,2613,17,,,1,30,,2616,17,,,1,100,,2614,17,,,1,100,,2621,17,,,1,100,,2619,17,,,1,100,,2622,17,,,1,100,,2620,17,,,1,100,,2623,17,,,1,70,,2610,17,,,1,30,,2617,17,,,1,70,,2625,17,,,1,30,,2611,17,,,1,70,,2618,17,,,1,30,,2624,17,,,1
100003100,'Saturday-27',600,,1791,26,,,1,100,,1792,26,,,1,100,,1793,26,,,1,100,,1794,26,,,1,100,,1799,26,,,1,100,,1795,26,,,1,100,,1800,26,,,1,100,,1796,26,,,1,100,,1801,26,,,1,100,,1797,26,,,1,100,,1802,26,,,1,100,,1798,26,,,1,100,,1803,26,,,1
100003100,'Saturday-30',600,,3866,26,,,1,100,,3867,26,,,1,100,,3868,26,,,1,100,,3869,26,,,1,100,,3874,26,,,1,100,,3870,26,,,1,100,,3875,26,,,1,100,,3871,26,,,1,100,,3876,26,,,1,100,,3872,26,,,1,100,,3877,26,,,1,100,,3873,26,,,1,100,,3878,26,,,1
100003100,'Weekday-23',722,,1812,26,,,1,118,,1814,26,,,1,96,,1805,26,,,1,100,,1806,26,,,1,100,,1807,26,,,1,100,,1808,26,,,1,101,,1809,26,,,1,100,,1810,26,,,1,20,,1815,26,,,1,77,,1811,26,,,1,66,,1813,26,,,1,243,,1804,26,,,1
100003100,'Weekday-29',722,,3887,26,,,1,118,,3889,26,,,1,96,,3880,26,,,1,100,,3881,26,,,1,100,,3882,26,,,1,100,,3883,26,,,1,101,,3884,26,,,1,100,,3885,26,,,1,20,,3890,26,,,1,77,,3886,26,,,1,66,,3888,26,,,1,243,,3879,26,,,1
100003100,'Weekday-32',722,,3899,26,,,1,118,,3901,26,,,1,96,,3892,26,,,1,100,,3893,26,,,1,100,,3894,26,,,1,100,,3895,26,,,1,101,,3896,26,,,1,100,,3897,26,,,1,20,,3891,26,,,1,77,,3898,26,,,1,66,,3900,26,,,1,243,,3902,26,,,1
100003100,'Weekday-33',702,,3913,26,,,1,31,,3904,26,,,1,69,,3914,26,,,1,30,,3903,26,,,1,27,,3910,26,,,1,100,,3911,26,,,1,100,,3912,26,,,1,100,,3909,26,,,1,100,,3907,26,,,1,141,,3915,26,,,1,100,,3916,26,,,1,101,,3917,26,,,1,30,,3905,26,,,1,73,,3918,26,,,1,28,,3906,26,,,1,70,,3908,26,,,1
