201,20100,'Saturday-4',4235,4236,4237,4238,4239,4240,4241,4242,4243,4244,4245,4246,4247,4248,4249,4250,4251,4252,4253
201,20100,'Sunday-3',4254,4255,4256,4257,4258,4259,4260,4261,4262,4263,4264,4265,4266,4267
201,20100,'Sunday-93',4268,4269,4270,4271,4272,4273,4274,4275,4276,4277,4278,4279,4280,4281
201,20100,'Weekday-1',4282,4283,4284,4285,4286,4287,4288,4289,4290,4291,4292,4293,4294,4295,4296,4297,4298,4299,4300,4301,4302,4303,4304,4305,4306,4307,4308,4309,4310,4311,4312,4313,4314
201,20101,'Saturday-4',4334,4335,4336,4337,4338,4339,4340,4341,4342,4343,4344,4345,4346,4347,4348,4349,4350,4351,4352
201,20101,'Sunday-3',4353,4354,4355,4356,4357,4358,4359,4360,4361,4362,4363,4364,4365,4366
201,20101,'Sunday-93',4367,4368,4369,4370,4371,4372,4373,4374,4375,4376,4377,4378,4379,4380
201,20101,'Weekday-1',4381,4382,4383,4384,4385,4386,4387,4388,4389,4390,4391,4392,4393,4394,4395,4396,4397,4398,4399,4400,4401,4402,4403,4404,4405,4406,4407,4408,4409,4410,4411
202,20200,'Weekday-1',4412,4413,4414,4415,4416,4417,4418,4419,4420,4421,4422,4423,4424,4425,4426,4427,4428,4429,4430,4431,4432
202,20201,'Weekday-1',4433,4434,4435,4436,4437,4438,4439,4440,4441,4442,4443,4444,4445,4446,4447,4448,4449,4450,4451,4452,4453
203,20300,'Saturday-4',4463,4464,4465,4466,4467,4468,4469,4470,4471
203,20300,'Weekday-1',4472,4473,4474,4475,4476,4477,4478,4479,4480,4481,4482,4483,4484,4485,4486,4487,4488,4489,4490,4491,4492
203,20301,'Saturday-4',4502,4503,4504,4505,4506,4507,4508,4509,4510
203,20301,'Weekday-1',4511,4512,4513,4514,4515,4516,4517,4518,4519,4520,4521,4522,4523,4524,4525,4526,4527,4528,4529,4530
205,20500,'Saturday-4',4540,4541,4542,4543,4544,4545,4546,4547,4548
205,20500,'Weekday-1',4549,4550,4551,4552,4553,4554,4555,4556,4557,4558,4559,4560,4561
205,20501,'Saturday-4',4571,4572,4573,4574,4575,4576,4577,4578,4579
205,20501,'Weekday-1',4580,4581,4582,4583,4584,4585,4586,4587,4588,4589,4590,4591,4592
208,20800,'Weekday-1',4593,4594,4595,4596,4597,4598,4599
208,20801,'Weekday-1',4600,4601,4602,4603,4604,4605,4606
211,21100,'Weekday-1',4607,4608,4609
211,21101,'Weekday-1',4610,4611,4612,4613,4614
1000003,100000300,'Weekday-1',4615,4616,4617,4618,4619,4620,4621,4622,4623,4624,4625,4626,4627,4628,4629,4630,4631,4632,4633,4634
1000004,100000400,'Saturday-4',4647,4648,4649,4650,4651,4652,4653,4654,4655,4656,4657,4658
1000004,100000400,'Weekday-1',4659,4660,4661,4662,4663,4664,4665,4666,4667,4668,4669,4670,4671,4672,4673,4674,4675,4676,4677,4678,4679,4680,4681,4682,4683,4684
1000005,100000501,'Saturday-4',4698,4699,4700,4701,4702,4703,4704,4705,4706,4707,4708,4709,4710
1000005,100000501,'Weekday-1',4711,4712,4713,4714,4715,4716,4717,4718,4719,4720,4721,4722,4723,4724,4725,4726,4727,4728,4729,4730,4731,4732,4733,4734,4735,4736
1000006,100000600,'Saturday-4',4750,4751,4752,4753,4754,4755,4756,4757,4758,4759,4760,4761,4762
1000006,100000600,'Weekday-1',4763,4764,4765,4766,4767,4768,4769,4770,4771,4772,4773,4774,4775,4776,4777,4778,4779,4780,4781,4782,4783,4784,4785,4786
1000006,100000601,'Saturday-4',4800,4801,4802,4803,4804,4805,4806,4807,4808,4809,4810,4811,4812
1000006,100000601,'Weekday-1',4813,4814,4815,4816,4817,4818,4819,4820,4821,4822,4823,4824,4825,4826,4827,4828,4829,4830
1000007,100000700,'Saturday-4',4844,4845,4846,4847,4848,4849,4850,4851,4852,4853,4854,4855,4856
1000007,100000700,'Weekday-1',4857,4858,4859,4860,4861,4862,4863,4864,4865,4866,4867,4868,4869,4870
1000008,100000801,'Saturday-4',4883,4884,4885,4886,4887,4888,4889,4890,4891,4892,4893,4894
1000008,100000801,'Weekday-1',4895,4896,4897,4898,4899,4900,4901,4902,4903,4904,4905,4906,4907,4908,4909,4910,4911
1000009,100000900,'Weekday-1',4912,4913,4914,4915,4916,4917,4918,4919,4920,4921
1000009,100000901,'Weekday-1',4922,4923,4924,4925,4926,4927,4928,4929,4930,4931,4932,4933
1000012,100001201,'Weekday-1',4934,4935,4936,4937,4938
1000013,100001300,'Weekday-1',4939,4940,4941,4942,4943,4944,4945,4946
1000014,100001400,'Saturday-4',4965,4966,4967,4968,4969,4970,4971,4972,4973,4974,4975,4976,4977,4978,4979,4980,4981,4982
1000014,100001400,'Sunday-3',4983,4984,4985,4986,4987,4988,4989,4990,4991,4992,4993,4994,4995
1000014,100001400,'Sunday-93',4996,4997,4998,4999,5000,5001,5002,5003,5004,5005,5006,5007,5008
1000014,100001400,'Weekday-1',5009,5010,5011,5012,5013,5014,5015,5016,5017,5018,5019,5020,5021,5022,5023,5024,5025,5026,5027,5028,5029,5030,5031,5032,5033,5034,5035,5036,5037,5038,5039,5040,5041,5042,5043
1000014,100001401,'Saturday-4',5061,5062,5063,5064,5065,5066,5067,5068,5069,5070,5071,5072,5073,5074,5075,5076,5077
1000014,100001401,'Sunday-3',5078,5079,5080,5081,5082,5083,5084,5085,5086,5087,5088,5089
1000014,100001401,'Sunday-93',5090,5091,5092,5093,5094,5095,5096,5097,5098,5099,5100,5101
1000014,100001401,'Weekday-1',5102,5103,5104,5105,5106,5107,5108,5109,5110,5111,5112,5113,5114,5115,5116,5117,5118,5119,5120,5121,5122,5123,5124,5125,5126,5127,5128,5129,5130,5131,5132,5133
1000021,100002100,'Weekday-1',5134,5135,5136,5137,5138
1000021,100002101,'Weekday-1',5139,5140,5141
1000022,100002200,'Weekday-1',5142,5143,5144,5145,5146
1000023,100002300,'Weekday-1',5147,5148,5149
1000024,100002401,'Weekday-1',5150,5151,5152,5153,5154,5155,5156,5157,5158,5159,5160,5161,5162,5163,5164
1000031,100003100,'Saturday-4',5178,5179,5180,5181,5182,5183,5184,5185,5186,5187,5188,5189,5190
1000031,100003100,'Weekday-1',5191,5192,5193,5194,5195,5196,5197,5198,5199,5200,5201,5202
1000031,100003101,'Saturday-4',5216,5217,5218,5219,5220,5221,5222,5223,5224,5225,5226,5227,5228
1000031,100003101,'Weekday-1',5229,5230,5231,5232,5233,5234,5235,5236,5237,5238,5239,5240,5241
1000032,100003200,'Saturday-4',5255,5256,5257,5258,5259,5260,5261,5262,5263,5264,5265,5266,5267
1000032,100003200,'Weekday-1',5268,5269,5270,5271,5272,5273,5274,5275,5276,5277,5278,5279,5280
1000032,100003201,'Saturday-4',5294,5295,5296,5297,5298,5299,5300,5301,5302,5303,5304,5305,5306
1000032,100003201,'Weekday-1',5307,5308,5309,5310,5311,5312,5313,5314,5315,5316,5317,5318,5319,5320,5321,5322
1000033,100003300,'Saturday-4',5336,5337,5338,5339,5340,5341,5342,5343,5344,5345,5346,5347,5348
1000033,100003300,'Weekday-1',5349,5350,5351,5352,5353,5354,5355,5356,5357,5358,5359,5360,5361,5362,5363,5364,5365,5366,5367,5368,5369,5370
1000033,100003301,'Saturday-4',5384,5385,5386,5387,5388,5389,5390,5391,5392,5393,5394,5395,5396
1000033,100003301,'Weekday-1',5397,5398,5399,5400,5401,5402,5403,5404,5405,5406,5407,5408,5409,5410,5411,5412
6000001,600000101,'Saturday-4',5413,5414,5415,5416,5417,5418,5419,5420,5421,5422,5423,5424,5425,5426,5427,5428,5429,5430
