100000900,'Weekday-23',704,,1341,3,,,1,23,,1340,3,,,1,880,,1346,3,,,1,20,,1344,3,,,1,21,,1338,3,,,1,59,,1347,3,,,1,20,,1345,3,,,1,21,,1339,3,,,1,61,,1343,3,,,1,20,,1342,3,,,1
100000900,'Weekday-29',704,,3439,3,,,1,23,,3438,3,,,1,880,,3444,3,,,1,20,,3442,3,,,1,21,,3436,3,,,1,59,,3445,3,,,1,20,,3443,3,,,1,21,,3437,3,,,1,61,,3441,3,,,1,20,,3440,3,,,1
100000900,'Weekday-32',704,,3455,3,,,1,23,,3448,3,,,1,880,,3453,3,,,1,20,,3451,3,,,1,21,,3446,3,,,1,59,,3454,3,,,1,20,,3452,3,,,1,21,,3447,3,,,1,61,,3450,3,,,1,20,,3449,3,,,1
100000900,'Weekday-33',1618,,3458,3,,,1,30,,3456,3,,,1,70,,3459,3,,,1,30,,3457,3,,,1
100003300,'Saturday-27',647,,2081,3,,,1,100,,2082,3,,,1,100,,2083,3,,,1,100,,2076,3,,,1,100,,2087,3,,,1,100,,2077,3,,,1,100,,2084,3,,,1,100,,2078,3,,,1,100,,2088,3,,,1,100,,2079,3,,,1,100,,2085,3,,,1,100,,2080,3,,,1
100003300,'Saturday-30',647,,4104,3,,,1,100,,4105,3,,,1,100,,4106,3,,,1,100,,4099,3,,,1,100,,4110,3,,,1,100,,4100,3,,,1,100,,4107,3,,,1,100,,4101,3,,,1,100,,4111,3,,,1,100,,4102,3,,,1,100,,4108,3,,,1,100,,4103,3,,,1
100003300,'Weekday-23',658,,2103,3,,,1,82,,2102,3,,,1,86,,2092,3,,,1,99,,2093,3,,,1,100,,2094,3,,,1,100,,2095,3,,,1,100,,2096,3,,,1,100,,2097,3,,,1,100,,2098,3,,,1,20,,2104,3,,,1,77,,2089,3,,,1,26,,2100,3,,,1
100003300,'Weekday-29',658,,4126,3,,,1,82,,4125,3,,,1,86,,4115,3,,,1,99,,4116,3,,,1,100,,4117,3,,,1,100,,4118,3,,,1,100,,4119,3,,,1,100,,4120,3,,,1,100,,4121,3,,,1,20,,4127,3,,,1,77,,4112,3,,,1,26,,4123,3,,,1
100003300,'Weekday-32',658,,4147,3,,,1,82,,4146,3,,,1,86,,4136,3,,,1,99,,4137,3,,,1,100,,4138,3,,,1,100,,4139,3,,,1,100,,4140,3,,,1,100,,4141,3,,,1,100,,4142,3,,,1,20,,4148,3,,,1,77,,4134,3,,,1,26,,4144,3,,,1
100003300,'Weekday-33',648,,4165,3,,,1,70,,4164,3,,,1,34,,4166,3,,,1,66,,4170,3,,,1,30,,4156,3,,,1,100,,4158,3,,,1,100,,4157,3,,,1,100,,4159,3,,,1,100,,4160,3,,,1,100,,4161,3,,,1,100,,4162,3,,,1,101,,4163,3,,,1
