20100,'Weekday-23',752,,78,24,,,1,56,,76,24,,,1,23,,66,24,,,1,20,,83,24,,,1,55,,82,24,,,1,343,,53,24,,,1,462,,54,24,,,1,42,,68,24,,,1
20100,'Weekday-29',752,,2290,24,,,1,56,,2288,24,,,1,23,,2297,24,,,1,20,,2300,24,,,1,55,,2299,24,,,1,343,,2294,24,,,1,462,,2295,24,,,1,42,,2298,24,,,1
20100,'Weekday-32',752,,2323,24,,,1,56,,2302,24,,,1,23,,2318,24,,,1,20,,2320,24,,,1,55,,2333,24,,,1,343,,2325,24,,,1,462,,2326,24,,,1,42,,2324,24,,,1
20100,'Weekday-33',741,,2350,24,,,1,73,,2352,24,,,1,199,,2359,24,,,1,100,,2354,24,,,1,100,,2358,24,,,1,100,,2349,24,,,1,100,,2348,24,,,1,101,,2346,24,,,1,102,,2355,24,,,1,30,,2347,24,,,1,71,,2345,24,,,1
20101,'Holiday1-91',609,,2360,5,,,1,100,,2367,5,,,1,100,,2361,5,,,1,100,,2368,5,,,1,100,,2362,5,,,1,100,,2369,5,,,1,100,,2363,5,,,1,100,,2370,5,,,1,100,,2364,5,,,1,100,,2371,5,,,1,100,,2365,5,,,1,100,,2372,5,,,1,100,,2366,5,,,1,100,,2373,5,,,1
20101,'Saturday-27',609,,164,5,,,1,100,,174,5,,,1,100,,165,5,,,1,100,,175,5,,,1,100,,166,5,,,1,100,,176,5,,,1,100,,167,5,,,1,100,,177,5,,,1,100,,168,5,,,1,100,,178,5,,,1,100,,169,5,,,1,100,,179,5,,,1,100,,170,5,,,1,100,,180,5,,,1,100,,171,5,,,1,100,,181,5,,,1,100,,172,5,,,1,100,,182,5,,,1,100,,173,5,,,1
20101,'Saturday-30',609,,2374,5,,,1,100,,2384,5,,,1,100,,2375,5,,,1,100,,2385,5,,,1,100,,2376,5,,,1,100,,2386,5,,,1,100,,2377,5,,,1,100,,2387,5,,,1,100,,2378,5,,,1,100,,2388,5,,,1,100,,2379,5,,,1,100,,2389,5,,,1,100,,2380,5,,,1,100,,2390,5,,,1,100,,2381,5,,,1,100,,2391,5,,,1,100,,2382,5,,,1,100,,2392,5,,,1,100,,2383,5,,,1
20101,'Sunday-19',609,,183,5,,,1,100,,190,5,,,1,100,,184,5,,,1,100,,191,5,,,1,100,,185,5,,,1,100,,192,5,,,1,100,,186,5,,,1,100,,193,5,,,1,100,,187,5,,,1,100,,194,5,,,1,100,,188,5,,,1,100,,195,5,,,1,100,,189,5,,,1,100,,196,5,,,1
20101,'Sunday-31',609,,2393,5,,,1,100,,2400,5,,,1,100,,2394,5,,,1,100,,2401,5,,,1,100,,2395,5,,,1,100,,2402,5,,,1,100,,2396,5,,,1,100,,2403,5,,,1,100,,2397,5,,,1,100,,2404,5,,,1,100,,2398,5,,,1,100,,2405,5,,,1,100,,2399,5,,,1,100,,2406,5,,,1
20101,'Weekday-23',555,,211,5,,,1,70,,217,5,,,1,20,,208,5,,,1,60,,226,5,,,1,24,,212,5,,,1,118,,219,5,,,1,102,,220,5,,,1,100,,218,5,,,1,100,,221,5,,,1,93,,223,5,,,1,99,,197,5,,,1,10,,207,5,,,1,93,,224,5,,,1,14,,222,5,,,1,55,,199,5,,,1,18,,227,5,,,1,25,,201,5,,,1,56,,225,5,,,1,23,,209,5,,,1,22,,210,5,,,1,76,,213,5,,,1,12,,198,5,,,1,66,,202,5,,,1,24,,216,5,,,1,20,,205,5,,,1,69,,200,5,,,1,100,,206,5,,,1,100,,214,5,,,1,100,,203,5,,,1,100,,215,5,,,1,100,,204,5,,,1
20101,'Weekday-29',555,,2418,5,,,1,70,,2429,5,,,1,20,,2437,5,,,1,60,,2428,5,,,1,24,,2419,5,,,1,118,,2431,5,,,1,102,,2432,5,,,1,100,,2430,5,,,1,100,,2433,5,,,1,93,,2421,5,,,1,99,,2435,5,,,1,10,,2415,5,,,1,93,,2422,5,,,1,14,,2434,5,,,1,55,,2407,5,,,1,18,,2424,5,,,1,25,,2409,5,,,1,56,,2423,5,,,1,23,,2416,5,,,1,22,,2417,5,,,1,76,,2425,5,,,1,12,,2436,5,,,1,66,,2410,5,,,1,24,,2420,5,,,1,20,,2413,5,,,1,69,,2408,5,,,1,100,,2414,5,,,1,100,,2426,5,,,1,100,,2411,5,,,1,100,,2427,5,,,1,100,,2412,5,,,1
20101,'Weekday-32',555,,2461,5,,,1,70,,2438,5,,,1,20,,2453,5,,,1,60,,2454,5,,,1,24,,2463,5,,,1,118,,2440,5,,,1,102,,2462,5,,,1,100,,2439,5,,,1,100,,2464,5,,,1,93,,2466,5,,,1,99,,2457,5,,,1,10,,2452,5,,,1,93,,2467,5,,,1,14,,2465,5,,,1,55,,2442,5,,,1,18,,2455,5,,,1,25,,2446,5,,,1,56,,2468,5,,,1,23,,2459,5,,,1,22,,2456,5,,,1,76,,2460,5,,,1,12,,2458,5,,,1,66,,2447,5,,,1,24,,2441,5,,,1,20,,2450,5,,,1,69,,2443,5,,,1,100,,2451,5,,,1,100,,2444,5,,,1,100,,2448,5,,,1,100,,2445,5,,,1,100,,2449,5,,,1
20101,'Weekday-33',610,,2486,5,,,1,30,,2487,5,,,1,72,,2475,5,,,1,27,,2489,5,,,1,70,,2485,5,,,1,39,,2476,5,,,1,63,,2491,5,,,1,98,,2474,5,,,1,100,,2494,5,,,1,100,,2488,5,,,1,100,,2493,5,,,1,100,,2484,5,,,1,100,,2482,5,,,1,29,,2481,5,,,1,66,,2469,5,,,1,39,,2490,5,,,1,70,,2483,5,,,1,33,,2470,5,,,1,70,,2492,5,,,1,34,,2477,5,,,1,59,,2471,5,,,1,100,,2478,5,,,1,100,,2472,5,,,1,100,,2479,5,,,1,100,,2473,5,,,1,100,,2480,5,,,1
