100000900,'Weekday-23',724,,1341,30,4,,1,23,,1340,30,4,,1,880,,1346,30,4,,1,20,,1344,30,4,,1,61,,1338,30,4,,1,19,,1347,30,4,,1,20,,1345,30,4,,1,61,,1339,30,4,,1,21,,1343,30,4,,1,20,,1342,30,4,,1
100000900,'Weekday-24',724,,1357,30,4,,1,23,,1350,30,4,,1,880,,1355,30,4,,1,20,,1353,30,4,,1,61,,1348,30,4,,1,19,,1356,30,4,,1,20,,1354,30,4,,1,61,,1349,30,4,,1,21,,1352,30,4,,1,20,,1351,30,4,,1
100000900,'Weekday-28',1638,,1360,30,4,,1,70,,1358,30,4,,1,30,,1361,30,4,,1,70,,1359,30,4,,1
100000901,'Weekday-23',554,,1373,1,,,1,60,,1372,1,,,1,20,,1365,1,,,1,20,,1367,1,,,1,60,,1368,1,,,1,20,,1366,1,,,1,20,,1363,1,,,1,60,,1364,1,,,1,820,,1370,1,,,1,20,,1369,1,,,1,60,,1362,1,,,1,20,,1371,1,,,1
100000901,'Weekday-24',554,,1382,1,,,1,60,,1385,1,,,1,20,,1383,1,,,1,20,,1377,1,,,1,60,,1378,1,,,1,20,,1384,1,,,1,20,,1375,1,,,1,60,,1376,1,,,1,820,,1380,1,,,1,20,,1379,1,,,1,60,,1374,1,,,1,20,,1381,1,,,1
100000901,'Weekday-28',550,,1394,1,,,1,70,,1389,1,,,1,30,,1386,1,,,1,70,,1390,1,,,1,30,,1393,1,,,1,900,,1391,1,,,1,70,,1387,1,,,1,30,,1392,1,,,1,70,,1388,1,,,1
100003301,'Saturday-25',621,,2152,10,,,1,100,,2153,10,,,1,100,,2154,10,,,1,100,,2155,10,,,1,100,,2156,10,,,1,100,,2148,10,,,1,100,,2149,10,,,1,100,,2157,10,,,1,100,,2158,10,,,1,100,,2150,10,,,1,100,,2151,10,,,1,100,,2159,10,,,1,100,,2160,10,,,1
100003301,'Saturday-27',621,,2165,10,,,1,100,,2166,10,,,1,100,,2167,10,,,1,100,,2168,10,,,1,100,,2169,10,,,1,100,,2161,10,,,1,100,,2162,10,,,1,100,,2170,10,,,1,100,,2171,10,,,1,100,,2163,10,,,1,100,,2164,10,,,1,100,,2172,10,,,1,100,,2173,10,,,1
100003301,'Weekday-23',858,,2175,10,,,1,100,,2176,10,,,1,100,,2177,10,,,1,101,,2178,10,,,1,98,,2179,10,,,1,100,,2180,10,,,1,100,,2181,10,,,1,55,,2184,10,,,1,45,,2174,10,,,1,67,,2182,10,0,10,1,18,,2189,10,0,10,1,60,,2187,10,0,10,1,22,,2186,10,0,10,1,20,,2188,10,0,10,1,59,,2183,10,0,10,1,20,,2185,10,0,10,1
100003301,'Weekday-24',858,,2192,10,,,1,100,,2193,10,,,1,100,,2194,10,,,1,101,,2195,10,,,1,98,,2196,10,,,1,100,,2197,10,,,1,100,,2198,10,,,1,55,,2201,10,,,1,45,,2191,10,,,1,67,,2199,10,0,10,1,18,,2205,10,0,10,1,60,,2203,10,0,10,1,22,,2190,10,0,10,1,20,,2204,10,0,10,1,59,,2200,10,0,10,1,20,,2202,10,0,10,1
100003301,'Weekday-28',822,,2206,10,,,1,31,,2217,10,,,1,70,,2207,10,,,1,100,,2208,10,,,1,100,,2209,10,,,1,101,,2210,10,,,1,98,,2211,10,,,1,100,,2212,10,,,1,100,,2213,10,,,1,30,,2215,10,,,1,71,,2214,10,,,1,15,,2219,10,0,10,1,65,,2220,10,0,10,1,32,,2218,10,0,10,1,69,,2216,10,0,10,1
