100000900,'Weekday-23',708,,1341,10,,,1,23,,1340,10,,,1,880,,1346,10,,,1,20,,1344,10,,,1,21,,1338,10,,,1,59,,1347,10,,,1,20,,1345,10,,,1,21,,1339,10,,,1,61,,1343,10,,,1,20,,1342,10,,,1
100000900,'Weekday-29',708,,3439,10,,,1,23,,3438,10,,,1,880,,3444,10,,,1,20,,3442,10,,,1,21,,3436,10,,,1,59,,3445,10,,,1,20,,3443,10,,,1,21,,3437,10,,,1,61,,3441,10,,,1,20,,3440,10,,,1
100000900,'Weekday-32',708,,3455,10,,,1,23,,3448,10,,,1,880,,3453,10,,,1,20,,3451,10,,,1,21,,3446,10,,,1,59,,3454,10,,,1,20,,3452,10,,,1,21,,3447,10,,,1,61,,3450,10,,,1,20,,3449,10,,,1
100000900,'Weekday-33',1622,,3458,10,,,1,30,,3456,10,,,1,70,,3459,10,,,1,30,,3457,10,,,1
100003300,'Saturday-27',649,,2081,10,,,1,100,,2082,10,,,1,100,,2083,10,,,1,100,,2076,10,,,1,100,,2087,10,,,1,100,,2077,10,,,1,100,,2084,10,,,1,100,,2078,10,,,1,100,,2088,10,,,1,100,,2079,10,,,1,100,,2085,10,,,1,100,,2080,10,,,1
100003300,'Saturday-30',649,,4104,10,,,1,100,,4105,10,,,1,100,,4106,10,,,1,100,,4099,10,,,1,100,,4110,10,,,1,100,,4100,10,,,1,100,,4107,10,,,1,100,,4101,10,,,1,100,,4111,10,,,1,100,,4102,10,,,1,100,,4108,10,,,1,100,,4103,10,,,1
100003300,'Weekday-23',701,,2103,10,,,1,43,,2102,10,,,1,85,,2092,10,,,1,100,,2093,10,,,1,100,,2094,10,,,1,100,,2095,10,,,1,99,,2096,10,,,1,100,,2097,10,,,1,100,,2098,10,,,1,20,,2104,10,,,1,78,,2089,10,,,1,26,,2100,10,,,1
100003300,'Weekday-29',701,,4126,10,,,1,43,,4125,10,,,1,85,,4115,10,,,1,100,,4116,10,,,1,100,,4117,10,,,1,100,,4118,10,,,1,99,,4119,10,,,1,100,,4120,10,,,1,100,,4121,10,,,1,20,,4127,10,,,1,78,,4112,10,,,1,26,,4123,10,,,1
100003300,'Weekday-32',701,,4147,10,,,1,43,,4146,10,,,1,85,,4136,10,,,1,100,,4137,10,,,1,100,,4138,10,,,1,100,,4139,10,,,1,99,,4140,10,,,1,100,,4141,10,,,1,100,,4142,10,,,1,20,,4148,10,,,1,78,,4134,10,,,1,26,,4144,10,,,1
100003300,'Weekday-33',651,,4165,10,,,1,71,,4164,10,,,1,35,,4166,10,,,1,64,,4170,10,,,1,30,,4156,10,,,1,101,,4158,10,,,1,100,,4157,10,,,1,100,,4159,10,,,1,99,,4160,10,,,1,100,,4161,10,,,1,100,,4162,10,,,1,102,,4163,10,,,1
