100000601,'Saturday-27',623,,1127,10,,,1,100,,1128,10,,,1,100,,1129,10,,,1,100,,1130,10,,,1,100,,1131,10,,,1,100,,1132,10,,,1,100,,1133,10,,,1,100,,1134,10,,,1,100,,1135,10,,,1,100,,1136,10,,,1,100,,1137,10,,,1,100,,1138,10,,,1,100,,1139,10,,,1
100000601,'Saturday-30',623,,3250,10,,,1,100,,3251,10,,,1,100,,3252,10,,,1,100,,3253,10,,,1,100,,3254,10,,,1,100,,3255,10,,,1,100,,3256,10,,,1,100,,3257,10,,,1,100,,3258,10,,,1,100,,3259,10,,,1,100,,3260,10,,,1,100,,3261,10,,,1,100,,3262,10,,,1
100000601,'Weekday-23',803,,1151,10,,,1,40,,1146,10,,,1,100,,1142,10,,,1,100,,1157,10,,,1,100,,1147,10,,,1,102,,1156,10,,,1,100,,1145,10,,,1,100,,1148,10,,,1,62,,1152,10,,,1,36,,1150,10,,,1,62,,1155,10,,,1,18,,1144,10,,,1,20,,1141,10,,,1,60,,1149,10,,,1,21,,1154,10,,,1,20,,1143,10,,,1,61,,1153,10,,,1,21,,1140,10,,,1
100000601,'Weekday-29',803,,3274,10,,,1,40,,3269,10,,,1,100,,3265,10,,,1,100,,3279,10,,,1,100,,3270,10,,,1,102,,3280,10,,,1,100,,3268,10,,,1,100,,3271,10,,,1,62,,3278,10,,,1,36,,3273,10,,,1,62,,3277,10,,,1,18,,3267,10,,,1,20,,3264,10,,,1,60,,3272,10,,,1,21,,3276,10,,,1,20,,3266,10,,,1,61,,3275,10,,,1,21,,3263,10,,,1
100000601,'Weekday-32',803,,3292,10,,,1,40,,3289,10,,,1,100,,3286,10,,,1,100,,3294,10,,,1,100,,3290,10,,,1,102,,3298,10,,,1,100,,3295,10,,,1,100,,3291,10,,,1,62,,3293,10,,,1,36,,3297,10,,,1,62,,3283,10,,,1,18,,3288,10,,,1,20,,3285,10,,,1,60,,3296,10,,,1,21,,3282,10,,,1,20,,3287,10,,,1,61,,3281,10,,,1,21,,3284,10,,,1
100000601,'Weekday-33',705,,3312,10,,,1,30,,3309,10,,,1,70,,3313,10,,,1,30,,3310,10,,,1,70,,3299,10,,,1,100,,3311,10,,,1,100,,3314,10,,,1,100,,3308,10,,,1,100,,3304,10,,,1,100,,3307,10,,,1,100,,3302,10,,,1,100,,3303,10,,,1,30,,3306,10,,,1,70,,3301,10,,,1,30,,3305,10,,,1,70,,3300,10,,,1
100001401,'Holiday1-91',702,,3659,9,,,1,100,,3665,9,,,1,100,,3660,9,,,1,100,,3666,9,,,1,100,,3661,9,,,1,100,,3667,9,,,1,100,,3662,9,,,1,100,,3668,9,,,1,100,,3663,9,,,1,100,,3669,9,,,1,100,,3664,9,,,1,100,,3670,9,,,1
100001401,'Saturday-27',704,,1583,9,,,1,100,,1592,9,,,1,100,,1584,9,,,1,100,,1593,9,,,1,100,,1585,9,,,1,100,,1594,9,,,1,100,,1586,9,,,1,100,,1595,9,,,1,100,,1587,9,,,1,100,,1596,9,,,1,100,,1588,9,,,1,100,,1597,9,,,1,97,,1589,9,,,1,100,,1598,9,,,1,100,,1591,9,,,1,100,,1599,9,,,1,100,,1590,9,,,1
100001401,'Saturday-30',704,,3671,9,,,1,100,,3680,9,,,1,100,,3672,9,,,1,100,,3681,9,,,1,100,,3673,9,,,1,100,,3682,9,,,1,100,,3674,9,,,1,100,,3683,9,,,1,100,,3675,9,,,1,100,,3684,9,,,1,100,,3676,9,,,1,100,,3685,9,,,1,97,,3677,9,,,1,100,,3686,9,,,1,100,,3679,9,,,1,100,,3687,9,,,1,100,,3678,9,,,1
100001401,'Sunday-19',702,,1600,9,,,1,100,,1606,9,,,1,100,,1601,9,,,1,100,,1607,9,,,1,100,,1602,9,,,1,100,,1608,9,,,1,100,,1603,9,,,1,100,,1609,9,,,1,100,,1604,9,,,1,100,,1610,9,,,1,100,,1605,9,,,1,100,,1611,9,,,1
100001401,'Sunday-31',702,,3688,9,,,1,100,,3694,9,,,1,100,,3689,9,,,1,100,,3695,9,,,1,100,,3690,9,,,1,100,,3696,9,,,1,100,,3691,9,,,1,100,,3697,9,,,1,100,,3692,9,,,1,100,,3698,9,,,1,100,,3693,9,,,1,100,,3699,9,,,1
100001401,'Weekday-23',611,,1624,9,,,1,20,,1629,9,,,1,20,,1623,9,,,1,71,,1617,9,,,1,20,,1625,9,,,1,60,,1618,9,,,1,40,,1619,9,,,1,68,,1620,9,,,1,100,,1627,9,,,1,100,,1626,9,,,1,100,,1643,9,,,1,100,,1642,9,,,1,100,,1628,9,,,1,93,,1621,9,,,1,18,,1622,9,,,1,21,,1615,9,,,1,60,,1612,9,,,1,20,,1632,9,,,1,20,,1639,9,,,1,60,,1633,9,,,1,20,,1641,9,,,1,20,,1634,9,,,1,60,,1640,9,,,1,20,,1614,9,,,1,20,,1616,9,,,1,61,,1613,9,,,1,15,,1637,9,,,1,33,,1638,9,,,1,67,,1635,9,,,1,100,,1630,9,,,1,100,,1636,9,,,1,100,,1631,9,,,1
100001401,'Weekday-29',611,,3711,9,,,1,20,,3716,9,,,1,20,,3710,9,,,1,71,,3704,9,,,1,20,,3712,9,,,1,60,,3705,9,,,1,40,,3706,9,,,1,68,,3707,9,,,1,100,,3714,9,,,1,100,,3713,9,,,1,100,,3730,9,,,1,100,,3729,9,,,1,100,,3715,9,,,1,93,,3708,9,,,1,18,,3709,9,,,1,21,,3702,9,,,1,60,,3731,9,,,1,20,,3719,9,,,1,20,,3728,9,,,1,60,,3720,9,,,1,20,,3723,9,,,1,20,,3721,9,,,1,60,,3722,9,,,1,20,,3701,9,,,1,20,,3703,9,,,1,61,,3700,9,,,1,15,,3726,9,,,1,33,,3727,9,,,1,67,,3724,9,,,1,100,,3717,9,,,1,100,,3725,9,,,1,100,,3718,9,,,1
100001401,'Weekday-32',611,,3742,9,,,1,20,,3747,9,,,1,20,,3741,9,,,1,71,,3735,9,,,1,20,,3743,9,,,1,60,,3736,9,,,1,40,,3737,9,,,1,68,,3738,9,,,1,100,,3745,9,,,1,100,,3744,9,,,1,100,,3752,9,,,1,100,,3751,9,,,1,100,,3746,9,,,1,93,,3739,9,,,1,18,,3740,9,,,1,21,,3733,9,,,1,60,,3763,9,,,1,20,,3753,9,,,1,20,,3762,9,,,1,60,,3758,9,,,1,20,,3750,9,,,1,20,,3749,9,,,1,60,,3748,9,,,1,20,,3761,9,,,1,20,,3734,9,,,1,61,,3732,9,,,1,15,,3756,9,,,1,33,,3757,9,,,1,67,,3754,9,,,1,100,,3759,9,,,1,100,,3755,9,,,1,100,,3760,9,,,1
100001401,'Weekday-33',633,,3768,4,,,1,70,,3764,9,,,1,30,,3765,9,,,1,70,,3766,9,,,1,30,,3767,9,,,1,70,,3776,9,,,1,30,,3777,9,,,1,70,,3770,9,,,1,100,,3771,9,,,1,100,,3788,9,,,1,100,,3769,9,,,1,100,,3785,9,,,1,100,,3778,9,,,1,100,,3779,9,,,1,30,,3780,9,,,1,70,,3781,9,,,1,30,,3784,9,,,1,70,,3782,9,,,1,30,,3783,9,,,1,70,,3786,9,,,1,30,,3787,9,,,1,70,,3772,9,,,1,100,,3774,9,,,1,100,,3773,9,,,1,100,,3775,9,,,1
