100000900,'Weekday-23',705,,1341,4,,,1,23,,1340,4,,,1,880,,1346,4,,,1,20,,1344,4,,,1,21,,1338,4,,,1,59,,1347,4,,,1,20,,1345,4,,,1,21,,1339,4,,,1,61,,1343,4,,,1,20,,1342,4,,,1
100000900,'Weekday-29',705,,3439,4,,,1,23,,3438,4,,,1,880,,3444,4,,,1,20,,3442,4,,,1,21,,3436,4,,,1,59,,3445,4,,,1,20,,3443,4,,,1,21,,3437,4,,,1,61,,3441,4,,,1,20,,3440,4,,,1
100000900,'Weekday-32',705,,3455,4,,,1,23,,3448,4,,,1,880,,3453,4,,,1,20,,3451,4,,,1,21,,3446,4,,,1,59,,3454,4,,,1,20,,3452,4,,,1,21,,3447,4,,,1,61,,3450,4,,,1,20,,3449,4,,,1
100000900,'Weekday-33',1619,,3458,4,,,1,30,,3456,4,,,1,70,,3459,4,,,1,30,,3457,4,,,1
100003300,'Saturday-27',647,,2081,4,,,1,100,,2082,4,,,1,100,,2083,4,,,1,100,,2076,4,,,1,100,,2087,4,,,1,100,,2077,4,,,1,100,,2084,4,,,1,100,,2078,4,,,1,100,,2088,4,,,1,100,,2079,4,,,1,100,,2085,4,,,1,100,,2080,4,,,1
100003300,'Saturday-30',647,,4104,4,,,1,100,,4105,4,,,1,100,,4106,4,,,1,100,,4099,4,,,1,100,,4110,4,,,1,100,,4100,4,,,1,100,,4107,4,,,1,100,,4101,4,,,1,100,,4111,4,,,1,100,,4102,4,,,1,100,,4108,4,,,1,100,,4103,4,,,1
100003300,'Weekday-23',658,,2103,4,,,1,83,,2102,4,,,1,85,,2092,4,,,1,100,,2093,4,,,1,100,,2094,4,,,1,100,,2095,4,,,1,99,,2096,4,,,1,100,,2097,4,,,1,100,,2098,4,,,1,20,,2104,4,,,1,77,,2089,4,,,1,26,,2100,4,,,1
100003300,'Weekday-29',658,,4126,4,,,1,83,,4125,4,,,1,85,,4115,4,,,1,100,,4116,4,,,1,100,,4117,4,,,1,100,,4118,4,,,1,99,,4119,4,,,1,100,,4120,4,,,1,100,,4121,4,,,1,20,,4127,4,,,1,77,,4112,4,,,1,26,,4123,4,,,1
100003300,'Weekday-32',658,,4147,4,,,1,83,,4146,4,,,1,85,,4136,4,,,1,100,,4137,4,,,1,100,,4138,4,,,1,100,,4139,4,,,1,99,,4140,4,,,1,100,,4141,4,,,1,100,,4142,4,,,1,20,,4148,4,,,1,77,,4134,4,,,1,26,,4144,4,,,1
100003300,'Weekday-33',648,,4165,4,,,1,71,,4164,4,,,1,33,,4166,4,,,1,66,,4170,4,,,1,30,,4156,4,,,1,101,,4158,4,,,1,100,,4157,4,,,1,100,,4159,4,,,1,99,,4160,4,,,1,100,,4161,4,,,1,100,,4162,4,,,1,101,,4163,4,,,1
