100000900,'Weekday-23',710,,1341,13,,,1,23,,1340,13,,,1,880,,1346,13,,,1,20,,1344,13,,,1,21,,1338,13,,,1,59,,1347,13,,,1,20,,1345,13,,,1,21,,1339,13,,,1,61,,1343,13,,,1,20,,1342,13,,,1
100000900,'Weekday-29',710,,3439,13,,,1,23,,3438,13,,,1,880,,3444,13,,,1,20,,3442,13,,,1,21,,3436,13,,,1,59,,3445,13,,,1,20,,3443,13,,,1,21,,3437,13,,,1,61,,3441,13,,,1,20,,3440,13,,,1
100000900,'Weekday-32',710,,3455,13,,,1,23,,3448,13,,,1,880,,3453,13,,,1,20,,3451,13,,,1,21,,3446,13,,,1,59,,3454,13,,,1,20,,3452,13,,,1,21,,3447,13,,,1,61,,3450,13,,,1,20,,3449,13,,,1
100000900,'Weekday-33',1624,,3458,13,,,1,30,,3456,13,,,1,70,,3459,13,,,1,30,,3457,13,,,1
100003300,'Saturday-27',651,,2081,13,,,1,100,,2082,13,,,1,100,,2083,13,,,1,100,,2076,13,,,1,100,,2087,13,,,1,100,,2077,13,,,1,100,,2084,13,,,1,100,,2078,13,,,1,100,,2088,13,,,1,100,,2079,13,,,1,100,,2085,13,,,1,100,,2080,13,,,1
100003300,'Saturday-30',651,,4104,13,,,1,100,,4105,13,,,1,100,,4106,13,,,1,100,,4099,13,,,1,100,,4110,13,,,1,100,,4100,13,,,1,100,,4107,13,,,1,100,,4101,13,,,1,100,,4111,13,,,1,100,,4102,13,,,1,100,,4108,13,,,1,100,,4103,13,,,1
100003300,'Weekday-23',703,,2103,13,,,1,43,,2102,13,,,1,85,,2092,13,,,1,100,,2093,13,,,1,100,,2094,13,,,1,101,,2095,13,,,1,98,,2096,13,,,1,100,,2097,13,,,1,100,,2098,13,,,1,20,,2104,13,,,1,78,,2089,13,,,1,26,,2100,13,,,1
100003300,'Weekday-29',703,,4126,13,,,1,43,,4125,13,,,1,85,,4115,13,,,1,100,,4116,13,,,1,100,,4117,13,,,1,101,,4118,13,,,1,98,,4119,13,,,1,100,,4120,13,,,1,100,,4121,13,,,1,20,,4127,13,,,1,78,,4112,13,,,1,26,,4123,13,,,1
100003300,'Weekday-32',703,,4147,13,,,1,43,,4146,13,,,1,85,,4136,13,,,1,100,,4137,13,,,1,100,,4138,13,,,1,101,,4139,13,,,1,98,,4140,13,,,1,100,,4141,13,,,1,100,,4142,13,,,1,20,,4148,13,,,1,78,,4134,13,,,1,26,,4144,13,,,1
100003300,'Weekday-33',653,,4165,13,,,1,71,,4164,13,,,1,35,,4166,13,,,1,64,,4170,13,,,1,31,,4156,13,,,1,100,,4158,13,,,1,100,,4157,13,,,1,101,,4159,13,,,1,98,,4160,13,,,1,100,,4161,13,,,1,100,,4162,13,,,1,102,,4163,13,,,1
