20100,'Weekday-23',758,,78,28,,,1,55,,76,28,,,1,23,,66,28,,,1,20,,83,28,,,1,55,,82,28,,,1,343,,53,28,,,1,462,,54,28,,,1,42,,68,28,,,1
20100,'Weekday-24',758,,105,28,,,1,55,,116,28,,,1,23,,100,28,,,1,20,,102,28,,,1,55,,118,28,,,1,343,,107,28,,,1,462,,108,28,,,1,42,,106,28,,,1
20100,'Weekday-28',748,,120,28,,,1,73,,122,28,,,1,200,,125,28,,,1,100,,124,28,,,1,101,,142,28,,,1,100,,119,28,,,1,100,,144,28,,,1,101,,139,28,,,1,100,,131,28,,,1,30,,143,28,,,1,71,,138,28,,,1
20101,'Saturday-25',616,,145,9,,,1,100,,155,9,,,1,100,,146,9,,,1,100,,156,9,,,1,100,,147,9,,,1,100,,157,9,,,1,100,,148,9,,,1,100,,158,9,,,1,100,,149,9,,,1,100,,159,9,,,1,100,,150,9,,,1,100,,160,9,,,1,100,,151,9,,,1,100,,161,9,,,1,100,,152,9,,,1,100,,162,9,,,1,100,,153,9,,,1,100,,163,9,,,1,100,,154,9,,,1
20101,'Saturday-27',616,,164,9,,,1,100,,174,9,,,1,100,,165,9,,,1,100,,175,9,,,1,100,,166,9,,,1,100,,176,9,,,1,100,,167,9,,,1,100,,177,9,,,1,100,,168,9,,,1,100,,178,9,,,1,100,,169,9,,,1,100,,179,9,,,1,100,,170,9,,,1,100,,180,9,,,1,100,,171,9,,,1,100,,181,9,,,1,100,,172,9,,,1,100,,182,9,,,1,100,,173,9,,,1
20101,'Sunday-19',616,,183,9,,,1,100,,190,9,,,1,100,,184,9,,,1,100,,191,9,,,1,100,,185,9,,,1,100,,192,9,,,1,100,,186,9,,,1,100,,193,9,,,1,100,,187,9,,,1,100,,194,9,,,1,100,,188,9,,,1,100,,195,9,,,1,100,,189,9,,,1,100,,196,9,,,1
20101,'Weekday-23',600,,211,9,,,1,30,,217,9,,,1,21,,208,9,,,1,60,,226,9,,,1,23,,212,9,,,1,118,,219,9,,,1,102,,220,9,,,1,100,,218,9,,,1,100,,221,9,,,1,93,,223,9,,,1,99,,197,9,,,1,10,,207,9,,,1,93,,224,9,,,1,54,,222,9,,,1,16,,199,9,,,1,18,,227,9,,,1,64,,201,9,,,1,16,,225,9,,,1,24,,209,9,,,1,61,,210,9,,,1,36,,213,9,,,1,12,,198,9,,,1,66,,202,9,,,1,24,,216,9,,,1,60,,205,9,,,1,29,,200,9,,,1,100,,206,9,,,1,100,,214,9,,,1,100,,203,9,,,1,100,,215,9,,,1,100,,204,9,,,1
20101,'Weekday-24',600,,248,9,,,1,30,,253,9,,,1,21,,240,9,,,1,60,,241,9,,,1,23,,250,9,,,1,118,,255,9,,,1,102,,249,9,,,1,100,,254,9,,,1,100,,251,9,,,1,93,,256,9,,,1,99,,244,9,,,1,10,,239,9,,,1,93,,257,9,,,1,54,,252,9,,,1,16,,229,9,,,1,18,,242,9,,,1,64,,233,9,,,1,16,,258,9,,,1,24,,246,9,,,1,61,,243,9,,,1,36,,247,9,,,1,12,,245,9,,,1,66,,234,9,,,1,24,,228,9,,,1,60,,237,9,,,1,29,,230,9,,,1,100,,238,9,,,1,100,,231,9,,,1,100,,235,9,,,1,100,,232,9,,,1,100,,236,9,,,1
20101,'Weekday-28',615,,261,9,,,1,30,,262,9,,,1,76,,280,9,,,1,29,,270,9,,,1,67,,260,9,,,1,41,,281,9,,,1,59,,272,9,,,1,100,,279,9,,,1,100,,264,9,,,1,100,,263,9,,,1,100,,282,9,,,1,100,,259,9,,,1,100,,283,9,,,1,29,,278,9,,,1,65,,265,9,,,1,39,,271,9,,,1,70,,284,9,,,1,33,,266,9,,,1,70,,273,9,,,1,34,,274,9,,,1,57,,267,9,,,1,100,,275,9,,,1,100,,268,9,,,1,100,,276,9,,,1,100,,269,9,,,1,100,,277,9,,,1
20801,'Weekday-23',1508,,756,6,,,1,14,,753,6,,,1,24,,758,6,,,1,57,,754,6,,,1,29,,752,6,,,1,13,,755,6,,,1,68,,757,6,,,1
20801,'Weekday-24',1508,,759,6,,,1,14,,763,6,,,1,24,,765,6,,,1,57,,761,6,,,1,29,,760,6,,,1,13,,762,6,,,1,68,,764,6,,,1
