20500,'Saturday-27',1013,,640,20,4,,1,100,,634,20,4,,1,100,,641,20,4,,1,100,,637,20,4,,1,100,,638,20,4,,1,100,,636,20,4,,1,100,,642,20,4,,1,100,,635,20,4,,1,100,,639,20,4,,1
20500,'Saturday-30',1013,,2823,20,4,,1,100,,2817,20,4,,1,100,,2824,20,4,,1,100,,2820,20,4,,1,100,,2821,20,4,,1,100,,2819,20,4,,1,100,,2825,20,4,,1,100,,2818,20,4,,1,100,,2822,20,4,,1
20500,'Weekday-23',704,,654,20,4,,1,39,,653,20,4,,1,100,,647,20,4,,1,98,,651,20,4,,1,101,,643,20,4,,1,101,,648,20,4,,1,101,,644,20,4,,1,101,,649,20,4,,1,104,,645,20,4,,1,99,,652,20,4,,1,101,,646,20,4,,1,77,,655,20,4,,1,77,,650,20,4,,1
20500,'Weekday-29',704,,2837,20,4,,1,39,,2836,20,4,,1,100,,2830,20,4,,1,98,,2834,20,4,,1,101,,2826,20,4,,1,101,,2831,20,4,,1,101,,2827,20,4,,1,101,,2832,20,4,,1,104,,2828,20,4,,1,99,,2835,20,4,,1,101,,2829,20,4,,1,77,,2838,20,4,,1,77,,2833,20,4,,1
20500,'Weekday-32',704,,2851,20,4,,1,39,,2850,20,4,,1,100,,2844,20,4,,1,98,,2848,20,4,,1,101,,2840,20,4,,1,101,,2845,20,4,,1,101,,2841,20,4,,1,101,,2846,20,4,,1,104,,2842,20,4,,1,99,,2849,20,4,,1,101,,2843,20,4,,1,77,,2839,20,4,,1,77,,2847,20,4,,1
20500,'Weekday-33',713,,2852,20,4,,1,100,,2862,20,4,,1,100,,2858,20,4,,1,100,,2853,20,4,,1,100,,2854,20,4,,1,100,,2859,20,4,,1,100,,2855,20,4,,1,100,,2860,20,4,,1,100,,2856,20,4,,1,100,,2863,20,4,,1,100,,2861,20,4,,1,100,,2857,20,4,,1
20501,'Saturday-27',1015,,696,1,,,1,100,,690,1,,,1,100,,697,1,,,1,100,,693,1,,,1,100,,694,1,,,1,100,,692,1,,,1,100,,698,1,,,1,100,,691,1,,,1,100,,695,1,,,1
20501,'Saturday-30',1015,,2870,1,,,1,100,,2864,1,,,1,100,,2871,1,,,1,100,,2867,1,,,1,100,,2868,1,,,1,100,,2866,1,,,1,100,,2872,1,,,1,100,,2865,1,,,1,100,,2869,1,,,1
20501,'Weekday-23',714,,710,1,,,1,37,,708,1,,,1,101,,699,1,,,1,100,,700,1,,,1,100,,701,1,,,1,100,,702,1,,,1,99,,703,1,,,1,99,,704,1,,,1,99,,705,1,,,1,101,,709,1,,,1,103,,707,1,,,1,85,,711,1,,,1,80,,706,1,,,1
20501,'Weekday-29',714,,2884,1,,,1,37,,2882,1,,,1,101,,2873,1,,,1,100,,2874,1,,,1,100,,2875,1,,,1,100,,2876,1,,,1,99,,2877,1,,,1,99,,2878,1,,,1,99,,2879,1,,,1,101,,2883,1,,,1,103,,2881,1,,,1,85,,2885,1,,,1,80,,2880,1,,,1
20501,'Weekday-32',714,,2898,1,,,1,37,,2896,1,,,1,101,,2887,1,,,1,100,,2888,1,,,1,100,,2889,1,,,1,100,,2890,1,,,1,99,,2891,1,,,1,99,,2892,1,,,1,99,,2893,1,,,1,101,,2897,1,,,1,103,,2895,1,,,1,85,,2886,1,,,1,80,,2894,1,,,1
20501,'Weekday-33',715,,2899,1,,,1,100,,2900,1,,,1,100,,2901,1,,,1,100,,2902,1,,,1,100,,2903,1,,,1,100,,2904,1,,,1,100,,2905,1,,,1,100,,2906,1,,,1,100,,2907,1,,,1,100,,2908,1,,,1,100,,2909,1,,,1,100,,2910,1,,,1
