20300,'Saturday-25',1010,,416,5,4,,1,100,,421,5,4,,1,100,,417,5,4,,1,100,,422,5,4,,1,100,,418,5,4,,1,100,,423,5,4,,1,100,,419,5,4,,1,100,,424,5,4,,1,100,,420,5,4,,1
20300,'Saturday-27',1010,,425,5,4,,1,100,,430,5,4,,1,100,,426,5,4,,1,100,,431,5,4,,1,100,,427,5,4,,1,100,,432,5,4,,1,100,,428,5,4,,1,100,,433,5,4,,1,100,,429,5,4,,1
20300,'Weekday-23',644,,437,10,4,,1,60,,441,10,4,,1,20,,458,10,4,,1,85,,457,10,4,,1,20,,442,10,4,,1,77,,446,10,4,,1,40,,443,10,4,,1,100,,435,10,4,,1,100,,444,10,4,,1,100,,445,10,4,,1,100,,453,10,4,,1,99,,434,10,4,,1,101,,440,10,4,,1,63,,438,10,4,,1,39,,454,10,4,,1,61,,455,10,4,,1,15,,459,10,4,,1,20,,456,10,4,,1,62,,439,10,4,,1,17,,436,10,4,,1,20,,447,10,4,,1,80,,448,10,4,,1,100,,449,5,4,,1,100,,450,5,4,,1,100,,451,5,4,,1,100,,452,5,4,,1
20300,'Weekday-24',644,,466,10,4,,1,60,,469,10,4,,1,20,,474,10,4,,1,85,,477,10,4,,1,20,,470,10,4,,1,77,,478,10,4,,1,40,,471,10,4,,1,100,,479,10,4,,1,100,,472,10,4,,1,100,,476,10,4,,1,100,,482,10,4,,1,99,,473,10,4,,1,101,,480,10,4,,1,63,,467,10,4,,1,39,,483,10,4,,1,61,,484,10,4,,1,15,,475,10,4,,1,20,,485,10,4,,1,62,,468,10,4,,1,17,,460,10,4,,1,20,,481,10,4,,1,80,,461,10,4,,1,100,,462,5,4,,1,100,,463,5,4,,1,100,,464,5,4,,1,100,,465,5,4,,1
20300,'Weekday-28',638,,489,10,4,,1,70,,490,10,4,,1,30,,494,10,4,,1,71,,488,10,4,,1,34,,491,10,4,,1,67,,495,10,4,,1,100,,492,10,4,,1,100,,496,10,4,,1,100,,493,10,4,,1,100,,500,10,4,,1,100,,501,10,4,,1,100,,497,10,4,,1,100,,502,10,4,,1,32,,498,10,4,,1,70,,486,10,4,,1,26,,503,10,4,,1,72,,499,10,4,,1,27,,487,10,4,,1,70,,504,10,4,,1,100,,505,5,4,,1,100,,506,5,4,,1,100,,507,5,4,,1,100,,508,5,4,,1,100,,509,5,4,,1
20301,'Saturday-25',1013,,510,1,,,1,100,,515,1,,,1,100,,511,1,,,1,100,,516,1,,,1,100,,512,1,,,1,100,,517,1,,,1,100,,513,1,,,1,100,,518,1,,,1,100,,514,1,,,1
20301,'Saturday-27',1013,,519,1,,,1,100,,524,1,,,1,100,,520,1,,,1,100,,525,1,,,1,100,,521,1,,,1,100,,526,1,,,1,100,,522,1,,,1,100,,527,1,,,1,100,,523,1,,,1
20301,'Weekday-23',646,,532,1,,,1,60,,535,1,,,1,40,,529,1,,,1,101,,550,1,,,1,100,,536,1,,,1,100,,530,1,,,1,101,,537,1,,,1,100,,538,1,,,1,100,,534,1,,,1,52,,547,1,,,1,45,,528,1,,,1,94,,539,1,,,1,77,,533,1,,,1,32,,546,1,,,1,78,,549,1,,,1,19,,548,1,,,1,78,,531,1,,,1,33,,540,1,,,1,69,,541,1,,,1,100,,542,1,,,1,100,,543,1,,,1,100,,544,1,,,1,100,,545,1,,,1
20301,'Weekday-24',646,,557,1,,,1,60,,559,1,,,1,40,,567,1,,,1,101,,563,1,,,1,100,,560,1,,,1,100,,568,1,,,1,101,,561,1,,,1,100,,565,1,,,1,100,,569,1,,,1,52,,572,1,,,1,45,,562,1,,,1,94,,566,1,,,1,77,,558,1,,,1,32,,571,1,,,1,78,,564,1,,,1,19,,573,1,,,1,78,,551,1,,,1,33,,570,1,,,1,69,,552,1,,,1,100,,553,1,,,1,100,,554,1,,,1,100,,555,1,,,1,100,,556,1,,,1
20301,'Weekday-28',640,,577,1,,,1,70,,579,1,,,1,30,,583,1,,,1,70,,578,1,,,1,37,,580,1,,,1,63,,584,1,,,1,100,,581,1,,,1,100,,585,1,,,1,100,,582,1,,,1,100,,586,1,,,1,100,,590,1,,,1,100,,587,1,,,1,30,,574,1,,,1,70,,591,1,,,1,32,,588,1,,,1,70,,575,1,,,1,28,,592,1,,,1,70,,589,1,,,1,30,,576,1,,,1,70,,593,1,,,1,100,,594,1,,,1,100,,595,1,,,1,100,,596,1,,,1,100,,597,1,,,1,100,,598,1,,,1
20400,'Weekday-23',744,,599,3,4,,1,2,,604,7,4,,1,83,,603,3,4,,1,18,,605,3,4,,1,2,,600,7,4,,1,2,,608,3,4,,1,56,,601,3,4,,1,35,,602,7,4,,1,2,,606,3,4,,1,100,,607,3,4,,1
20400,'Weekday-24',746,,610,7,4,,1,101,,609,7,4,,1
20401,'Weekday-23',1248,,615,1,0,8 9,1,72,,611,1,0,8 9,1,83,,616,1,0,8 9,1,54,,619,1,0,8 9,1,48,,617,1,,,1,44,,614,1,0,8 9,1,54,,618,1,,,1,16,,612,1,0,8 9,1,91,,620,1,,,1,103,,613,1,0,8 9,1
20401,'Weekday-24',1505,,622,1,,,1,98,,623,1,,,1,107,,624,1,,,1,103,,621,1,0,8 9,1
