100000400,'Saturday-2',651,,4642,35,,,1,100,,4635,35,,,1,100,,4643,35,,,1,100,,4636,35,,,1,100,,4639,35,,,1,100,,4644,35,,,1,100,,4637,35,,,1,100,,4640,35,,,1,100,,4645,35,,,1,100,,4638,35,,,1,100,,4641,35,,,1,100,,4646,35,,,1
100000400,'Saturday-4',651,,4654,35,,,1,100,,4647,35,,,1,100,,4655,35,,,1,100,,4648,35,,,1,100,,4651,35,,,1,100,,4656,35,,,1,100,,4649,35,,,1,100,,4652,35,,,1,100,,4657,35,,,1,100,,4650,35,,,1,100,,4653,35,,,1,100,,4658,35,,,1
100000400,'Weekday-1',558,,4666,12,,,1,60,,4672,12,,,1,20,,4677,12,,,1,20,,4659,12,,,1,47,,4675,35,,,1,34,,4676,35,,,1,20,,4667,35,,,1,60,,4670,35,,,1,39,,4671,35,,,1,70,,4662,35,,,1,100,,4673,35,,,1,100,,4663,35,,,1,100,,4679,35,,,1,100,,4664,35,,,1,30,,4665,35,,,1,100,,4680,35,,,1,64,,4682,35,,,1,36,,4668,35,,,1,62,,4674,35,,,1,19,,4660,35,,,1,20,,4681,35,,,1,60,,4683,35,,,1,18,,4669,35,,,1,20,,4684,35,,,1,61,,4661,35,,,1,20,,4678,35,,,1
100000801,'Saturday-2',650,,4871,32,,,1,100,,4872,32,,,1,100,,4873,32,,,1,100,,4874,32,,,1,100,,4875,32,,,1,100,,4876,32,,,1,100,,4877,32,,,1,100,,4878,32,,,1,100,,4879,32,,,1,100,,4880,32,,,1,100,,4881,32,,,1,100,,4882,32,,,1
100000801,'Saturday-4',650,,4883,32,,,1,100,,4884,32,,,1,100,,4885,32,,,1,100,,4886,32,,,1,100,,4887,32,,,1,100,,4888,32,,,1,100,,4889,32,,,1,100,,4890,32,,,1,100,,4891,32,,,1,100,,4892,32,,,1,100,,4893,32,,,1,100,,4894,32,,,1
100000801,'Weekday-1',857,,4906,32,,,1,100,,4910,32,,,1,100,,4908,32,,,1,100,,4902,32,,,1,100,,4900,32,,,1,100,,4897,32,,,1,100,,4907,32,,,1,62,,4911,32,,,1,36,,4909,32,,,1,60,,4905,32,,,1,20,,4895,32,,,1,21,,4904,32,,,1,59,,4896,32,,,1,22,,4901,32,,,1,19,,4899,32,,,1,62,,4903,32,,,1,19,,4898,32,,,1
100001400,'Saturday-2',624,,4956,11,,,1,100,,4947,11,,,1,100,,4957,11,,,1,100,,4948,11,,,1,100,,4958,11,,,1,100,,4949,11,,,1,100,,4959,11,,,1,100,,4950,11,,,1,100,,4960,11,,,1,100,,4951,11,,,1,100,,4961,11,,,1,100,,4952,11,,,1,100,,4962,11,,,1,100,,4953,11,,,1,100,,4963,11,,,1,100,,4954,11,,,1,100,,4964,11,,,1,100,,4955,11,,,1
100001400,'Saturday-4',624,,4974,11,,,1,100,,4965,11,,,1,100,,4975,11,,,1,100,,4966,11,,,1,100,,4976,11,,,1,100,,4967,11,,,1,100,,4977,11,,,1,100,,4968,11,,,1,100,,4978,11,,,1,100,,4969,11,,,1,100,,4979,11,,,1,100,,4970,11,,,1,100,,4980,11,,,1,100,,4971,11,,,1,100,,4981,11,,,1,100,,4972,11,,,1,100,,4982,11,,,1,100,,4973,11,,,1
100001400,'Sunday-3',630,,4989,11,,,1,100,,4983,11,,,1,100,,4990,11,,,1,100,,4984,11,,,1,100,,4991,11,,,1,100,,4985,11,,,1,100,,4992,11,,,1,100,,4986,11,,,1,100,,4993,11,,,1,100,,4987,11,,,1,100,,4994,11,,,1,100,,4988,11,,,1,100,,4995,11,,,1
100001400,'Sunday-93',630,,5002,11,,,1,100,,4996,11,,,1,100,,5003,11,,,1,100,,4997,11,,,1,100,,5004,11,,,1,100,,4998,11,,,1,100,,5005,11,,,1,100,,4999,11,,,1,100,,5006,11,,,1,100,,5000,11,,,1,100,,5007,11,,,1,100,,5001,11,,,1,100,,5008,11,,,1
100001400,'Weekday-1',538,,5016,11,,,1,20,,5024,11,,,1,60,,5036,11,,,1,20,,5025,11,,,1,20,,5037,11,,,1,60,,5023,11,,,1,21,,5009,11,,,1,20,,5022,11,,,1,60,,5010,11,,,1,40,,5011,11,,,1,70,,5013,11,,,1,100,,5035,11,,,1,100,,5040,11,,,1,100,,5020,11,,,1,100,,5012,11,,,1,100,,5028,11,,,1,92,,5038,11,,,1,22,,5029,11,,,1,16,,5017,11,,,1,60,,5041,11,,,1,20,,5018,11,,,1,20,,5026,11,,,1,60,,5019,11,,,1,20,,5027,11,,,1,20,,5014,11,,,1,60,,5039,11,,,1,20,,5015,11,,,1,20,,5033,11,,,1,61,,5021,11,,,1,19,,5030,11,,,1,69,,5034,11,,,1,31,,5031,11,,,1,100,,5042,11,,,1,100,,5032,11,,,1,100,,5043,11,,,1
