100000700,'Saturday-25',617,,1192,20,,,1,100,,1193,28,,,1,100,,1194,28,,,1,100,,1195,28,,,1,100,,1196,28,,,1,100,,1201,28,,,1,100,,1197,28,,,1,100,,1202,28,,,1,100,,1198,28,,,1,100,,1203,28,,,1,100,,1199,28,,,1,100,,1204,28,,,1,100,,1200,28,,,1
100000700,'Saturday-27',617,,1205,20,,,1,100,,1206,28,,,1,100,,1207,28,,,1,100,,1208,28,,,1,100,,1209,28,,,1,100,,1214,28,,,1,100,,1210,28,,,1,100,,1215,28,,,1,100,,1211,28,,,1,100,,1216,28,,,1,100,,1212,28,,,1,100,,1217,28,,,1,100,,1213,28,,,1
100000700,'Weekday-23',553,,1229,20,,,1,60,,1223,20,,,1,20,,1218,20,,,1,20,,1220,20,,,1,60,,1231,28,,,1,20,,1219,28,,,1,20,,1222,28,,,1,60,,1224,28,,,1,40,,1227,28,,,1,100,,1230,28,,,1,100,,1226,28,,,1,100,,1221,28,,,1,100,,1225,28,,,1,100,,1228,28,,,1
100000700,'Weekday-24',553,,1244,20,,,1,60,,1236,20,,,1,20,,1240,20,,,1,20,,1233,20,,,1,60,,1241,28,,,1,20,,1232,28,,,1,20,,1235,28,,,1,60,,1237,28,,,1,40,,1242,28,,,1,100,,1245,28,,,1,100,,1239,28,,,1,100,,1234,28,,,1,100,,1238,28,,,1,100,,1243,28,,,1
100000700,'Weekday-28',545,,1265,20,,,1,70,,1264,20,,,1,30,,1257,20,,,1,70,,1258,28,,,1,30,,1259,28,,,1,70,,1260,28,,,1,30,,1261,28,,,1,70,,1262,28,,,1,100,,1263,28,,,1,100,,1246,28,,,1,100,,1247,28,,,1,100,,1249,28,,,1,100,,1248,28,,,1,100,,1250,28,,,1,30,,1251,28,,,1,70,,1252,28,,,1,30,,1253,28,,,1,70,,1254,28,,,1,30,,1255,28,,,1,70,,1256,28,,,1
100000801,'Saturday-25',643,,1266,27,,,1,100,,1267,27,,,1,100,,1268,27,,,1,100,,1269,27,,,1,100,,1270,27,,,1,100,,1271,27,,,1,100,,1272,27,,,1,100,,1273,27,,,1,100,,1274,27,,,1,100,,1275,27,,,1,100,,1276,27,,,1,100,,1277,27,,,1
100000801,'Saturday-27',643,,1278,27,,,1,100,,1279,27,,,1,100,,1280,27,,,1,100,,1281,27,,,1,100,,1282,27,,,1,100,,1283,27,,,1,100,,1284,27,,,1,100,,1285,27,,,1,100,,1286,27,,,1,100,,1287,27,,,1,100,,1288,27,,,1,100,,1289,27,,,1
100000801,'Weekday-23',850,,1304,27,,,1,100,,1302,27,,,1,100,,1295,27,,,1,101,,1303,27,,,1,100,,1294,27,,,1,100,,1305,27,,,1,100,,1306,27,,,1,60,,1296,27,,,1,36,,1297,27,,,1,60,,1292,27,,,1,20,,1298,27,,,1,21,,1291,27,,,1,59,,1301,27,,,1,22,,1290,27,,,1,19,,1300,27,,,1,62,,1293,27,,,1,19,,1299,27,,,1
100000801,'Weekday-24',850,,1321,27,,,1,100,,1319,27,,,1,100,,1312,27,,,1,101,,1320,27,,,1,100,,1311,27,,,1,100,,1322,27,,,1,100,,1323,27,,,1,60,,1313,27,,,1,36,,1314,27,,,1,60,,1309,27,,,1,20,,1318,27,,,1,21,,1308,27,,,1,59,,1317,27,,,1,22,,1307,27,,,1,19,,1316,27,,,1,62,,1310,27,,,1,19,,1315,27,,,1
100000801,'Weekday-28',943,,1327,27,,,1,100,,1326,27,,,1,101,,1324,27,,,1,100,,1325,27,,,1,100,,1328,27,,,1,66,,1329,27,,,1,34,,1330,27,,,1,66,,1331,27,,,1,30,,1332,27,,,1,70,,1333,27,,,1,30,,1334,27,,,1,70,,1335,27,,,1,30,,1336,27,,,1,70,,1337,27,,,1
