20100,'Weekday-29',800,,2290,29,4,,1,15,,2288,29,4,,1,23,,2297,29,4,,1,20,,2300,29,4,,1,55,,2299,29,4,,1,343,,2294,29,4,,1,462,,2295,29,4,,1,82,,2298,29,4,,1
20100,'Weekday-32',800,,2323,29,4,,1,15,,2302,29,4,,1,23,,2318,29,4,,1,20,,2320,29,4,,1,55,,2333,29,4,,1,343,,2325,29,4,,1,462,,2326,29,4,,1,82,,2324,29,4,,1
20100,'Weekday-33',750,,2350,29,4,,1,73,,2352,29,4,,1,200,,2359,29,4,,1,100,,2354,29,4,,1,101,,2358,29,4,,1,100,,2349,29,4,,1,100,,2348,29,4,,1,101,,2346,29,4,,1,100,,2355,29,4,,1,30,,2347,29,4,,1,71,,2345,29,4,,1
20101,'Holiday1-91',618,,2360,10,,,1,100,,2367,10,,,1,100,,2361,10,,,1,100,,2368,10,,,1,100,,2362,10,,,1,100,,2369,10,,,1,100,,2363,10,,,1,100,,2370,10,,,1,100,,2364,10,,,1,100,,2371,10,,,1,100,,2365,10,,,1,100,,2372,10,,,1,100,,2366,10,,,1,100,,2373,10,,,1
20101,'Saturday-30',618,,2374,10,,,1,100,,2384,10,,,1,100,,2375,10,,,1,100,,2385,10,,,1,100,,2376,10,,,1,100,,2386,10,,,1,100,,2377,10,,,1,100,,2387,10,,,1,100,,2378,10,,,1,100,,2388,10,,,1,100,,2379,10,,,1,100,,2389,10,,,1,100,,2380,10,,,1,100,,2390,10,,,1,100,,2381,10,,,1,100,,2391,10,,,1,100,,2382,10,,,1,100,,2392,10,,,1,100,,2383,10,,,1
20101,'Sunday-31',618,,2393,10,,,1,100,,2400,10,,,1,100,,2394,10,,,1,100,,2401,10,,,1,100,,2395,10,,,1,100,,2402,10,,,1,100,,2396,10,,,1,100,,2403,10,,,1,100,,2397,10,,,1,100,,2404,10,,,1,100,,2398,10,,,1,100,,2405,10,,,1,100,,2399,10,,,1,100,,2406,10,,,1
20101,'Weekday-29',602,,2418,10,,,1,30,,2429,10,,,1,21,,2437,10,,,1,60,,2428,10,,,1,23,,2419,10,,,1,118,,2431,10,,,1,102,,2432,10,,,1,100,,2430,10,,,1,100,,2433,10,,,1,93,,2421,10,,,1,99,,2435,10,,,1,10,,2415,10,,,1,93,,2422,10,,,1,54,,2434,10,,,1,16,,2407,10,,,1,18,,2424,10,,,1,64,,2409,10,,,1,16,,2423,10,,,1,24,,2416,10,,,1,61,,2417,10,,,1,36,,2425,10,,,1,12,,2436,10,,,1,66,,2410,10,,,1,24,,2420,10,,,1,60,,2413,10,,,1,29,,2408,10,,,1,100,,2414,10,,,1,100,,2426,10,,,1,100,,2411,10,,,1,100,,2427,10,,,1,100,,2412,10,,,1
20101,'Weekday-32',602,,2461,10,,,1,30,,2438,10,,,1,21,,2453,10,,,1,60,,2454,10,,,1,23,,2463,10,,,1,118,,2440,10,,,1,102,,2462,10,,,1,100,,2439,10,,,1,100,,2464,10,,,1,93,,2466,10,,,1,99,,2457,10,,,1,10,,2452,10,,,1,93,,2467,10,,,1,54,,2465,10,,,1,16,,2442,10,,,1,18,,2455,10,,,1,64,,2446,10,,,1,16,,2468,10,,,1,24,,2459,10,,,1,61,,2456,10,,,1,36,,2460,10,,,1,12,,2458,10,,,1,66,,2447,10,,,1,24,,2441,10,,,1,60,,2450,10,,,1,29,,2443,10,,,1,100,,2451,10,,,1,100,,2444,10,,,1,100,,2448,10,,,1,100,,2445,10,,,1,100,,2449,10,,,1
20101,'Weekday-33',617,,2486,10,,,1,30,,2487,10,,,1,76,,2475,10,,,1,30,,2489,10,,,1,66,,2485,10,,,1,81,,2476,10,,,1,19,,2491,10,,,1,100,,2474,10,,,1,100,,2494,10,,,1,100,,2488,10,,,1,100,,2493,10,,,1,100,,2484,10,,,1,100,,2482,10,,,1,29,,2481,10,,,1,65,,2469,10,,,1,39,,2490,10,,,1,70,,2483,10,,,1,33,,2470,10,,,1,70,,2492,10,,,1,34,,2477,10,,,1,57,,2471,10,,,1,100,,2478,10,,,1,100,,2472,10,,,1,100,,2479,10,,,1,100,,2473,10,,,1,100,,2480,10,,,1
20801,'Weekday-29',1509,,2930,7,,,1,14,,2927,7,,,1,24,,2932,7,,,1,57,,2928,7,,,1,29,,2926,7,,,1,13,,2929,7,,,1,68,,2931,7,,,1
20801,'Weekday-32',1509,,2938,7,,,1,14,,2939,7,,,1,24,,2937,7,,,1,57,,2934,7,,,1,29,,2933,7,,,1,13,,2935,7,,,1,68,,2936,7,,,1
