21101,'Weekday-1',1613,,4614,13,4,,1,40,,4613,13,4,,1,60,,4612,13,4,,1,20,,4610,13,4,,1,21,,4611,13,4,,1
100002100,'Weekday-1',1548,,5134,35,4,,1,82,,5135,35,4,,1,83,,5136,35,4,,1,39,,5137,35,4,,1,80,,5138,35,4,,1
100002101,'Weekday-1',645,,5140,1,,,1,64,,5139,1,,,1,19,,5141,1,,,1
100003100,'Saturday-4',613,,5178,29,4,,1,100,,5179,29,4,,1,100,,5180,29,4,,1,100,,5181,29,4,,1,100,,5186,29,4,,1,100,,5182,29,4,,1,100,,5187,29,4,,1,100,,5183,29,4,,1,100,,5188,29,4,,1,100,,5184,29,4,,1,100,,5189,29,4,,1,100,,5185,30,4,,1,100,,5190,30,4,,1
100003100,'Weekday-1',732,,5201,30,4,,1,120,,5199,30,4,,1,96,,5192,30,4,,1,100,,5193,30,4,,1,100,,5194,30,4,,1,100,,5195,30,4,,1,100,,5196,30,4,,1,100,,5197,30,4,,1,62,,5200,30,4,,1,36,,5198,30,4,,1,66,,5202,30,4,,1,242,,5191,30,4,,1
100003101,'Saturday-4',615,,5216,1,,,1,100,,5217,1,,,1,100,,5218,1,,,1,100,,5219,1,,,1,100,,5224,1,,,1,100,,5220,1,,,1,100,,5225,1,,,1,100,,5221,1,,,1,100,,5226,1,,,1,100,,5222,1,,,1,100,,5227,1,,,1,100,,5223,1,,,1,100,,5228,1,,,1
100003101,'Weekday-1',809,,5237,1,,,1,41,,5229,1,,,1,100,,5230,1,,,1,100,,5231,1,,,1,100,,5232,1,,,1,100,,5233,1,,,1,100,,5234,1,,,1,100,,5235,1,,,1,55,,5241,1,,,1,45,,5236,1,,,1,100,,5239,1,,,1,80,,5240,1,,,1,80,,5238,1,,,1
100003200,'Saturday-4',613,,5267,18,4,,1,100,,5259,33,4,,1,100,,5260,33,4,,1,100,,5261,33,4,,1,100,,5262,33,4,,1,100,,5255,33,4,,1,100,,5256,33,4,,1,100,,5263,33,4,,1,100,,5264,33,4,,1,100,,5257,33,4,,1,100,,5258,33,4,,1,100,,5265,33,4,,1,100,,5266,33,4,,1
100003200,'Weekday-1',735,,5274,33,4,,1,67,,5276,33,4,,1,52,,5268,33,4,,1,99,,5275,33,4,,1,100,,5273,33,4,,1,100,,5271,33,4,,1,100,,5269,33,4,,1,100,,5278,33,4,,1,103,,5280,33,4,,1,57,,5279,33,4,,1,42,,5277,33,4,,1,60,,5270,33,4,,1,87,,5272,33,4,,1
100003201,'Saturday-4',615,,5299,1,,,1,100,,5300,1,,,1,100,,5301,1,,,1,100,,5302,1,,,1,100,,5294,1,,,1,100,,5305,1,,,1,100,,5295,1,,,1,100,,5303,1,,,1,100,,5296,1,,,1,100,,5306,1,,,1,100,,5297,1,,,1,100,,5304,1,,,1,100,,5298,1,,,1
100003201,'Weekday-1',545,,5315,1,,,1,99,,5317,1,,,1,101,,5309,1,0,7,1,61,,5318,1,0,7,1,39,,5316,1,,,1,100,,5314,1,,,1,100,,5311,1,,,1,100,,5308,1,,,1,100,,5320,1,,,1,100,,5322,1,,,1,90,,5319,1,,,1,24,,5310,1,,,1,61,,5321,1,,,1,25,,5307,1,,,1
100003300,'Saturday-4',613,,5346,15,4,,1,100,,5341,32,4,,1,100,,5342,32,4,,1,100,,5343,32,4,,1,100,,5336,32,4,,1,100,,5347,32,4,,1,100,,5337,32,4,,1,100,,5344,32,4,,1,100,,5338,32,4,,1,100,,5348,32,4,,1,100,,5339,32,4,,1,100,,5345,32,4,,1,100,,5340,32,4,,1
100003300,'Weekday-1',603,,5365,15,4,,1,39,,5368,15,4,,1,60,,5349,15,4,,1,20,,5361,32,4,,1,20,,5358,15,4,,1,61,,5360,32,4,,1,20,,5359,15,4,,1,25,,5350,32,4,,1,100,,5351,32,4,,1,100,,5352,32,4,,1,100,,5353,32,4,,1,100,,5354,32,4,,1,100,,5355,32,4,,1,100,,5356,32,4,,1,62,,5363,32,4,,1,36,,5357,32,4,,1,66,,5367,32,4,,1,30,,5366,15,4,,1,60,,5370,15,4,,1,20,,5369,15,4,,1,20,,5362,15,4,,1,60,,5364,15,4,,1
100003301,'Saturday-4',615,,5388,1,,,1,100,,5389,1,,,1,100,,5390,1,,,1,100,,5391,1,,,1,100,,5392,1,,,1,100,,5384,1,,,1,100,,5385,1,,,1,100,,5393,1,,,1,100,,5394,1,,,1,100,,5386,1,,,1,100,,5387,1,,,1,100,,5395,1,,,1,100,,5396,1,,,1
100003301,'Weekday-1',850,,5397,1,,,1,100,,5398,1,,,1,100,,5399,1,,,1,100,,5400,1,,,1,100,,5401,1,,,1,100,,5402,1,,,1,100,,5403,1,,,1,55,,5410,1,,,1,45,,5406,1,,,1,66,,5409,1,0,10,1,20,,5412,1,0,10,1,20,,5411,1,0,10,1,60,,5407,1,0,10,1,20,,5408,1,0,10,1,20,,5405,1,0,10,1,60,,5404,1,0,10,1
