100002101,'Weekday-23',657,,1718,22,,,1,66,,1720,22,,,1,19,,1719,22,,,1
100002101,'Weekday-29',657,,3806,22,,,1,66,,3808,22,,,1,19,,3807,22,,,1
100002101,'Weekday-32',657,,3809,22,,,1,66,,3811,22,,,1,19,,3810,22,,,1
100002200,'Weekday-23',545,,1735,8,,,1,59,,1733,8,,,1,20,,1736,8,,,1,21,,1732,16,,,1,156,,1734,16,,,1
100002200,'Weekday-29',545,,3823,8,,,1,59,,3821,8,,,1,20,,3824,8,,,1,21,,3820,16,,,1,156,,3822,16,,,1
100002200,'Weekday-32',545,,3828,8,,,1,59,,3826,8,,,1,20,,3829,8,,,1,21,,3825,16,,,1,156,,3827,16,,,1
100003101,'Saturday-27',628,,1857,21,,,1,100,,1858,21,,,1,100,,1859,21,,,1,100,,1860,21,,,1,100,,1865,21,,,1,100,,1861,21,,,1,100,,1866,21,,,1,100,,1862,21,,,1,100,,1867,21,,,1,100,,1863,21,,,1,100,,1868,21,,,1,100,,1864,21,,,1,100,,1869,21,,,1
100003101,'Saturday-30',628,,3919,21,,,1,100,,3920,21,,,1,100,,3921,21,,,1,100,,3922,21,,,1,100,,3927,21,,,1,100,,3923,21,,,1,100,,3928,21,,,1,100,,3924,21,,,1,100,,3929,21,,,1,100,,3925,21,,,1,100,,3930,21,,,1,100,,3926,21,,,1,100,,3931,21,,,1
100003101,'Weekday-23',820,,1880,21,,,1,81,,1872,21,,,1,100,,1873,21,,,1,100,,1874,21,,,1,100,,1875,21,,,1,100,,1876,21,,,1,100,,1877,21,,,1,100,,1878,21,,,1,15,,1881,21,,,1,85,,1879,21,,,1,100,,1871,21,,,1,40,,1870,21,,,1,80,,1882,21,,,1
100003101,'Weekday-29',820,,3942,21,,,1,81,,3934,21,,,1,100,,3935,21,,,1,100,,3936,21,,,1,100,,3937,21,,,1,100,,3938,21,,,1,100,,3939,21,,,1,100,,3940,21,,,1,15,,3943,21,,,1,85,,3941,21,,,1,100,,3933,21,,,1,40,,3932,21,,,1,80,,3944,21,,,1
100003101,'Weekday-32',820,,3954,21,,,1,81,,3946,21,,,1,100,,3947,21,,,1,100,,3948,21,,,1,100,,3949,21,,,1,100,,3950,21,,,1,100,,3951,21,,,1,100,,3952,21,,,1,15,,3955,21,,,1,85,,3953,21,,,1,100,,3945,21,,,1,40,,3957,21,,,1,80,,3956,21,,,1
100003101,'Weekday-33',559,,3977,17,,,1,67,,3972,17,,,1,30,,3960,17,,,1,70,,3964,21,,,1,30,,3958,21,,,1,70,,3965,21,,,1,30,,3959,21,,,1,70,,3966,21,,,1,100,,3967,21,,,1,100,,3968,21,,,1,100,,3969,21,,,1,100,,3973,21,,,1,100,,3974,21,,,1,100,,3975,21,,,1,30,,3961,21,,,1,70,,3976,21,,,1,30,,3962,21,,,1,70,,3970,21,,,1,30,,3963,21,,,1,70,,3971,21,,,1
