20100,'Weekday-23',754,,78,25,,,1,55,,76,25,,,1,23,,66,25,,,1,20,,83,25,,,1,55,,82,25,,,1,343,,53,25,,,1,462,,54,25,,,1,42,,68,25,,,1
20100,'Weekday-29',754,,2290,25,,,1,55,,2288,25,,,1,23,,2297,25,,,1,20,,2300,25,,,1,55,,2299,25,,,1,343,,2294,25,,,1,462,,2295,25,,,1,42,,2298,25,,,1
20100,'Weekday-32',754,,2323,25,,,1,55,,2302,25,,,1,23,,2318,25,,,1,20,,2320,25,,,1,55,,2333,25,,,1,343,,2325,25,,,1,462,,2326,25,,,1,42,,2324,25,,,1
20100,'Weekday-33',743,,2350,25,,,1,73,,2352,25,,,1,199,,2359,25,,,1,100,,2354,25,,,1,100,,2358,25,,,1,100,,2349,25,,,1,100,,2348,25,,,1,101,,2346,25,,,1,102,,2355,25,,,1,30,,2347,25,,,1,71,,2345,25,,,1
20101,'Holiday1-91',611,,2360,6,,,1,100,,2367,6,,,1,100,,2361,6,,,1,100,,2368,6,,,1,100,,2362,6,,,1,100,,2369,6,,,1,100,,2363,6,,,1,100,,2370,6,,,1,100,,2364,6,,,1,100,,2371,6,,,1,100,,2365,6,,,1,100,,2372,6,,,1,100,,2366,6,,,1,100,,2373,6,,,1
20101,'Saturday-27',611,,164,6,,,1,100,,174,6,,,1,100,,165,6,,,1,100,,175,6,,,1,100,,166,6,,,1,100,,176,6,,,1,100,,167,6,,,1,100,,177,6,,,1,100,,168,6,,,1,100,,178,6,,,1,100,,169,6,,,1,100,,179,6,,,1,100,,170,6,,,1,100,,180,6,,,1,100,,171,6,,,1,100,,181,6,,,1,100,,172,6,,,1,100,,182,6,,,1,100,,173,6,,,1
20101,'Saturday-30',611,,2374,6,,,1,100,,2384,6,,,1,100,,2375,6,,,1,100,,2385,6,,,1,100,,2376,6,,,1,100,,2386,6,,,1,100,,2377,6,,,1,100,,2387,6,,,1,100,,2378,6,,,1,100,,2388,6,,,1,100,,2379,6,,,1,100,,2389,6,,,1,100,,2380,6,,,1,100,,2390,6,,,1,100,,2381,6,,,1,100,,2391,6,,,1,100,,2382,6,,,1,100,,2392,6,,,1,100,,2383,6,,,1
20101,'Sunday-19',611,,183,6,,,1,100,,190,6,,,1,100,,184,6,,,1,100,,191,6,,,1,100,,185,6,,,1,100,,192,6,,,1,100,,186,6,,,1,100,,193,6,,,1,100,,187,6,,,1,100,,194,6,,,1,100,,188,6,,,1,100,,195,6,,,1,100,,189,6,,,1,100,,196,6,,,1
20101,'Sunday-31',611,,2393,6,,,1,100,,2400,6,,,1,100,,2394,6,,,1,100,,2401,6,,,1,100,,2395,6,,,1,100,,2402,6,,,1,100,,2396,6,,,1,100,,2403,6,,,1,100,,2397,6,,,1,100,,2404,6,,,1,100,,2398,6,,,1,100,,2405,6,,,1,100,,2399,6,,,1,100,,2406,6,,,1
20101,'Weekday-23',556,,211,6,,,1,70,,217,6,,,1,21,,208,6,,,1,60,,226,6,,,1,23,,212,6,,,1,118,,219,6,,,1,102,,220,6,,,1,100,,218,6,,,1,100,,221,6,,,1,93,,223,6,,,1,99,,197,6,,,1,10,,207,6,,,1,93,,224,6,,,1,14,,222,6,,,1,56,,199,6,,,1,18,,227,6,,,1,24,,201,6,,,1,56,,225,6,,,1,24,,209,6,,,1,21,,210,6,,,1,76,,213,6,,,1,12,,198,6,,,1,66,,202,6,,,1,24,,216,6,,,1,20,,205,6,,,1,70,,200,6,,,1,100,,206,6,,,1,100,,214,6,,,1,100,,203,6,,,1,100,,215,6,,,1,100,,204,6,,,1
20101,'Weekday-29',556,,2418,6,,,1,70,,2429,6,,,1,21,,2437,6,,,1,60,,2428,6,,,1,23,,2419,6,,,1,118,,2431,6,,,1,102,,2432,6,,,1,100,,2430,6,,,1,100,,2433,6,,,1,93,,2421,6,,,1,99,,2435,6,,,1,10,,2415,6,,,1,93,,2422,6,,,1,14,,2434,6,,,1,56,,2407,6,,,1,18,,2424,6,,,1,24,,2409,6,,,1,56,,2423,6,,,1,24,,2416,6,,,1,21,,2417,6,,,1,76,,2425,6,,,1,12,,2436,6,,,1,66,,2410,6,,,1,24,,2420,6,,,1,20,,2413,6,,,1,70,,2408,6,,,1,100,,2414,6,,,1,100,,2426,6,,,1,100,,2411,6,,,1,100,,2427,6,,,1,100,,2412,6,,,1
20101,'Weekday-32',556,,2461,6,,,1,70,,2438,6,,,1,21,,2453,6,,,1,60,,2454,6,,,1,23,,2463,6,,,1,118,,2440,6,,,1,102,,2462,6,,,1,100,,2439,6,,,1,100,,2464,6,,,1,93,,2466,6,,,1,99,,2457,6,,,1,10,,2452,6,,,1,93,,2467,6,,,1,14,,2465,6,,,1,56,,2442,6,,,1,18,,2455,6,,,1,24,,2446,6,,,1,56,,2468,6,,,1,24,,2459,6,,,1,21,,2456,6,,,1,76,,2460,6,,,1,12,,2458,6,,,1,66,,2447,6,,,1,24,,2441,6,,,1,20,,2450,6,,,1,70,,2443,6,,,1,100,,2451,6,,,1,100,,2444,6,,,1,100,,2448,6,,,1,100,,2445,6,,,1,100,,2449,6,,,1
20101,'Weekday-33',611,,2486,6,,,1,30,,2487,6,,,1,73,,2475,6,,,1,28,,2489,6,,,1,69,,2485,6,,,1,40,,2476,6,,,1,62,,2491,6,,,1,98,,2474,6,,,1,100,,2494,6,,,1,100,,2488,6,,,1,100,,2493,6,,,1,100,,2484,6,,,1,100,,2482,6,,,1,29,,2481,6,,,1,66,,2469,6,,,1,39,,2490,6,,,1,70,,2483,6,,,1,33,,2470,6,,,1,70,,2492,6,,,1,34,,2477,6,,,1,59,,2471,6,,,1,100,,2478,6,,,1,100,,2472,6,,,1,100,,2479,6,,,1,100,,2473,6,,,1,100,,2480,6,,,1
