100000901,'Weekday-23',607,,1373,27,,,1,20,,1372,27,,,1,20,,1365,27,,,1,60,,1367,27,,,1,20,,1368,27,,,1,20,,1366,27,,,1,60,,1363,27,,,1,20,,1364,27,,,1,820,,1370,27,,,1,60,,1369,27,,,1,20,,1362,27,,,1,20,,1371,27,,,1
100000901,'Weekday-29',607,,3471,27,,,1,20,,3470,27,,,1,20,,3463,27,,,1,60,,3465,27,,,1,20,,3466,27,,,1,20,,3464,27,,,1,60,,3461,27,,,1,20,,3462,27,,,1,820,,3468,27,,,1,60,,3467,27,,,1,20,,3460,27,,,1,20,,3469,27,,,1
100000901,'Weekday-32',607,,3480,27,,,1,20,,3481,27,,,1,20,,3482,27,,,1,60,,3475,27,,,1,20,,3476,27,,,1,20,,3483,27,,,1,60,,3473,27,,,1,20,,3474,27,,,1,820,,3478,27,,,1,60,,3477,27,,,1,20,,3472,27,,,1,20,,3479,27,,,1
100000901,'Weekday-33',603,,3492,27,,,1,30,,3487,27,,,1,70,,3484,27,,,1,30,,3488,27,,,1,70,,3491,27,,,1,900,,3489,27,,,1,30,,3485,27,,,1,70,,3490,27,,,1,30,,3486,27,,,1
100003301,'Saturday-27',632,,2165,28,,,1,100,,2166,28,,,1,100,,2167,28,,,1,100,,2168,28,,,1,100,,2169,28,,,1,100,,2161,28,,,1,100,,2162,28,,,1,100,,2170,28,,,1,100,,2171,28,,,1,100,,2163,28,,,1,100,,2164,28,,,1,100,,2172,28,,,1,100,,2173,28,,,1
100003301,'Saturday-30',632,,4175,28,,,1,100,,4176,28,,,1,100,,4177,28,,,1,100,,4178,28,,,1,100,,4179,28,,,1,100,,4171,28,,,1,100,,4172,28,,,1,100,,4180,28,,,1,100,,4181,28,,,1,100,,4173,28,,,1,100,,4174,28,,,1,100,,4182,28,,,1,100,,4183,28,,,1
100003301,'Weekday-23',910,,2175,28,,,1,100,,2176,28,,,1,100,,2177,28,,,1,101,,2178,28,,,1,98,,2179,28,,,1,99,,2180,28,,,1,100,,2181,28,,,1,16,,2184,28,,,1,87,,2174,28,,,1
100003301,'Weekday-29',910,,4185,28,,,1,100,,4186,28,,,1,100,,4187,28,,,1,101,,4188,28,,,1,98,,4189,28,,,1,99,,4190,28,,,1,100,,4191,28,,,1,16,,4194,28,,,1,87,,4184,28,,,1
100003301,'Weekday-32',910,,4201,28,,,1,100,,4202,28,,,1,100,,4203,28,,,1,101,,4204,28,,,1,98,,4205,28,,,1,99,,4206,28,,,1,100,,4207,28,,,1,16,,4210,28,,,1,87,,4200,28,,,1
100003301,'Weekday-33',834,,4216,28,,,1,71,,4227,28,,,1,30,,4217,28,,,1,100,,4218,28,,,1,100,,4219,28,,,1,101,,4220,28,,,1,98,,4221,28,,,1,99,,4222,28,,,1,100,,4223,28,,,1,73,,4225,28,,,1,27,,4224,28,,,1
