100002100,'Weekday-23',1532,,1705,13,,,1,82,,1703,13,,,1,40,,1704,13,,,1,80,,1701,13,,,1,81,,1702,13,,,1
100002100,'Weekday-29',1532,,3793,13,,,1,82,,3791,13,,,1,40,,3792,13,,,1,80,,3789,13,,,1,81,,3790,13,,,1
100002100,'Weekday-32',1532,,3794,13,,,1,82,,3797,13,,,1,40,,3798,13,,,1,80,,3795,13,,,1,81,,3796,13,,,1
100002300,'Weekday-23',1633,,1744,13,,,1,80,,1742,13,,,1,41,,1743,13,,,1
100002300,'Weekday-29',1633,,3832,13,,,1,80,,3830,13,,,1,41,,3831,13,,,1
100002300,'Weekday-32',1633,,3833,13,,,1,80,,3834,13,,,1,41,,3835,13,,,1
100003100,'Saturday-27',550,,1791,10,,,1,100,,1792,10,,,1,100,,1793,10,,,1,100,,1794,10,,,1,100,,1799,10,,,1,100,,1795,10,,,1,100,,1800,10,,,1,100,,1796,10,,,1,100,,1801,10,,,1,100,,1797,10,,,1,100,,1802,10,,,1,100,,1798,10,,,1,100,,1803,10,,,1
100003100,'Saturday-30',550,,3866,10,,,1,100,,3867,10,,,1,100,,3868,10,,,1,100,,3869,10,,,1,100,,3874,10,,,1,100,,3870,10,,,1,100,,3875,10,,,1,100,,3871,10,,,1,100,,3876,10,,,1,100,,3872,10,,,1,100,,3877,10,,,1,100,,3873,10,,,1,100,,3878,10,,,1
100003100,'Weekday-23',713,,1812,10,,,1,119,,1814,10,,,1,96,,1805,10,,,1,100,,1806,10,,,1,100,,1807,10,,,1,100,,1808,10,,,1,102,,1809,10,,,1,100,,1810,10,,,1,20,,1815,10,,,1,76,,1811,10,,,1,26,,1813,10,,,1,283,,1804,10,,,1
100003100,'Weekday-29',713,,3887,10,,,1,119,,3889,10,,,1,96,,3880,10,,,1,100,,3881,10,,,1,100,,3882,10,,,1,100,,3883,10,,,1,102,,3884,10,,,1,100,,3885,10,,,1,20,,3890,10,,,1,76,,3886,10,,,1,26,,3888,10,,,1,283,,3879,10,,,1
100003100,'Weekday-32',713,,3899,10,,,1,119,,3901,10,,,1,96,,3892,10,,,1,100,,3893,10,,,1,100,,3894,10,,,1,100,,3895,10,,,1,102,,3896,10,,,1,100,,3897,10,,,1,20,,3891,10,,,1,76,,3898,10,,,1,26,,3900,10,,,1,283,,3902,10,,,1
100003100,'Weekday-33',653,,3913,10,,,1,71,,3904,10,,,1,30,,3914,10,,,1,70,,3903,10,,,1,27,,3910,10,,,1,100,,3911,10,,,1,100,,3912,10,,,1,100,,3909,10,,,1,100,,3907,10,,,1,102,,3915,10,,,1,100,,3916,10,,,1,100,,3917,10,,,1,70,,3905,10,,,1,33,,3918,10,,,1,68,,3906,10,,,1,30,,3908,10,,,1
