20100,'Weekday-23',757,,78,27,,,1,56,,76,27,,,1,23,,66,27,,,1,20,,83,27,,,1,55,,82,27,,,1,343,,53,27,,,1,462,,54,27,,,1,42,,68,27,,,1
20100,'Weekday-29',757,,2290,27,,,1,56,,2288,27,,,1,23,,2297,27,,,1,20,,2300,27,,,1,55,,2299,27,,,1,343,,2294,27,,,1,462,,2295,27,,,1,42,,2298,27,,,1
20100,'Weekday-32',757,,2323,27,,,1,56,,2302,27,,,1,23,,2318,27,,,1,20,,2320,27,,,1,55,,2333,27,,,1,343,,2325,27,,,1,462,,2326,27,,,1,42,,2324,27,,,1
20100,'Weekday-33',747,,2350,27,,,1,73,,2352,27,,,1,200,,2359,27,,,1,100,,2354,27,,,1,101,,2358,27,,,1,100,,2349,27,,,1,100,,2348,27,,,1,101,,2346,27,,,1,100,,2355,27,,,1,30,,2347,27,,,1,71,,2345,27,,,1
20101,'Holiday1-91',615,,2360,8,,,1,100,,2367,8,,,1,100,,2361,8,,,1,100,,2368,8,,,1,100,,2362,8,,,1,100,,2369,8,,,1,100,,2363,8,,,1,100,,2370,8,,,1,100,,2364,8,,,1,100,,2371,8,,,1,100,,2365,8,,,1,100,,2372,8,,,1,100,,2366,8,,,1,100,,2373,8,,,1
20101,'Saturday-27',615,,164,8,,,1,100,,174,8,,,1,100,,165,8,,,1,100,,175,8,,,1,100,,166,8,,,1,100,,176,8,,,1,100,,167,8,,,1,100,,177,8,,,1,100,,168,8,,,1,100,,178,8,,,1,100,,169,8,,,1,100,,179,8,,,1,100,,170,8,,,1,100,,180,8,,,1,100,,171,8,,,1,100,,181,8,,,1,100,,172,8,,,1,100,,182,8,,,1,100,,173,8,,,1
20101,'Saturday-30',615,,2374,8,,,1,100,,2384,8,,,1,100,,2375,8,,,1,100,,2385,8,,,1,100,,2376,8,,,1,100,,2386,8,,,1,100,,2377,8,,,1,100,,2387,8,,,1,100,,2378,8,,,1,100,,2388,8,,,1,100,,2379,8,,,1,100,,2389,8,,,1,100,,2380,8,,,1,100,,2390,8,,,1,100,,2381,8,,,1,100,,2391,8,,,1,100,,2382,8,,,1,100,,2392,8,,,1,100,,2383,8,,,1
20101,'Sunday-19',615,,183,8,,,1,100,,190,8,,,1,100,,184,8,,,1,100,,191,8,,,1,100,,185,8,,,1,100,,192,8,,,1,100,,186,8,,,1,100,,193,8,,,1,100,,187,8,,,1,100,,194,8,,,1,100,,188,8,,,1,100,,195,8,,,1,100,,189,8,,,1,100,,196,8,,,1
20101,'Sunday-31',615,,2393,8,,,1,100,,2400,8,,,1,100,,2394,8,,,1,100,,2401,8,,,1,100,,2395,8,,,1,100,,2402,8,,,1,100,,2396,8,,,1,100,,2403,8,,,1,100,,2397,8,,,1,100,,2404,8,,,1,100,,2398,8,,,1,100,,2405,8,,,1,100,,2399,8,,,1,100,,2406,8,,,1
20101,'Weekday-23',600,,211,8,,,1,30,,217,8,,,1,20,,208,8,,,1,60,,226,8,,,1,24,,212,8,,,1,118,,219,8,,,1,102,,220,8,,,1,100,,218,8,,,1,100,,221,8,,,1,93,,223,8,,,1,99,,197,8,,,1,10,,207,8,,,1,93,,224,8,,,1,54,,222,8,,,1,15,,199,8,,,1,18,,227,8,,,1,65,,201,8,,,1,16,,225,8,,,1,23,,209,8,,,1,62,,210,8,,,1,36,,213,8,,,1,12,,198,8,,,1,66,,202,8,,,1,24,,216,8,,,1,60,,205,8,,,1,29,,200,8,,,1,100,,206,8,,,1,100,,214,8,,,1,100,,203,8,,,1,100,,215,8,,,1,100,,204,8,,,1
20101,'Weekday-29',600,,2418,8,,,1,30,,2429,8,,,1,20,,2437,8,,,1,60,,2428,8,,,1,24,,2419,8,,,1,118,,2431,8,,,1,102,,2432,8,,,1,100,,2430,8,,,1,100,,2433,8,,,1,93,,2421,8,,,1,99,,2435,8,,,1,10,,2415,8,,,1,93,,2422,8,,,1,54,,2434,8,,,1,15,,2407,8,,,1,18,,2424,8,,,1,65,,2409,8,,,1,16,,2423,8,,,1,23,,2416,8,,,1,62,,2417,8,,,1,36,,2425,8,,,1,12,,2436,8,,,1,66,,2410,8,,,1,24,,2420,8,,,1,60,,2413,8,,,1,29,,2408,8,,,1,100,,2414,8,,,1,100,,2426,8,,,1,100,,2411,8,,,1,100,,2427,8,,,1,100,,2412,8,,,1
20101,'Weekday-32',600,,2461,8,,,1,30,,2438,8,,,1,20,,2453,8,,,1,60,,2454,8,,,1,24,,2463,8,,,1,118,,2440,8,,,1,102,,2462,8,,,1,100,,2439,8,,,1,100,,2464,8,,,1,93,,2466,8,,,1,99,,2457,8,,,1,10,,2452,8,,,1,93,,2467,8,,,1,54,,2465,8,,,1,15,,2442,8,,,1,18,,2455,8,,,1,65,,2446,8,,,1,16,,2468,8,,,1,23,,2459,8,,,1,62,,2456,8,,,1,36,,2460,8,,,1,12,,2458,8,,,1,66,,2447,8,,,1,24,,2441,8,,,1,60,,2450,8,,,1,29,,2443,8,,,1,100,,2451,8,,,1,100,,2444,8,,,1,100,,2448,8,,,1,100,,2445,8,,,1,100,,2449,8,,,1
20101,'Weekday-33',615,,2486,8,,,1,30,,2487,8,,,1,75,,2475,8,,,1,29,,2489,8,,,1,67,,2485,8,,,1,40,,2476,8,,,1,60,,2491,8,,,1,100,,2474,8,,,1,100,,2494,8,,,1,100,,2488,8,,,1,100,,2493,8,,,1,100,,2484,8,,,1,100,,2482,8,,,1,29,,2481,8,,,1,65,,2469,8,,,1,39,,2490,8,,,1,70,,2483,8,,,1,33,,2470,8,,,1,70,,2492,8,,,1,34,,2477,8,,,1,58,,2471,8,,,1,100,,2478,8,,,1,100,,2472,8,,,1,100,,2479,8,,,1,100,,2473,8,,,1,100,,2480,8,,,1
20801,'Weekday-23',1507,,756,5,,,1,14,,753,5,,,1,24,,758,5,,,1,57,,754,5,,,1,29,,752,5,,,1,13,,755,5,,,1,68,,757,5,,,1
20801,'Weekday-29',1507,,2930,5,,,1,14,,2927,5,,,1,24,,2932,5,,,1,57,,2928,5,,,1,29,,2926,5,,,1,13,,2929,5,,,1,68,,2931,5,,,1
20801,'Weekday-32',1507,,2938,5,,,1,14,,2939,5,,,1,24,,2937,5,,,1,57,,2934,5,,,1,29,,2933,5,,,1,13,,2935,5,,,1,68,,2936,5,,,1
