20100,'Weekday-23',800,,78,29,4,,1,15,,76,29,4,,1,23,,66,29,4,,1,20,,83,29,4,,1,55,,82,29,4,,1,343,,53,29,4,,1,462,,54,29,4,,1,82,,68,29,4,,1
20100,'Weekday-24',800,,105,29,4,,1,15,,116,29,4,,1,23,,100,29,4,,1,20,,102,29,4,,1,55,,118,29,4,,1,343,,107,29,4,,1,462,,108,29,4,,1,82,,106,29,4,,1
20100,'Weekday-28',750,,120,29,4,,1,73,,122,29,4,,1,200,,125,29,4,,1,100,,124,29,4,,1,101,,142,29,4,,1,100,,119,29,4,,1,100,,144,29,4,,1,101,,139,29,4,,1,100,,131,29,4,,1,30,,143,29,4,,1,71,,138,29,4,,1
20101,'Saturday-25',618,,145,10,,,1,100,,155,10,,,1,100,,146,10,,,1,100,,156,10,,,1,100,,147,10,,,1,100,,157,10,,,1,100,,148,10,,,1,100,,158,10,,,1,100,,149,10,,,1,100,,159,10,,,1,100,,150,10,,,1,100,,160,10,,,1,100,,151,10,,,1,100,,161,10,,,1,100,,152,10,,,1,100,,162,10,,,1,100,,153,10,,,1,100,,163,10,,,1,100,,154,10,,,1
20101,'Saturday-27',618,,164,10,,,1,100,,174,10,,,1,100,,165,10,,,1,100,,175,10,,,1,100,,166,10,,,1,100,,176,10,,,1,100,,167,10,,,1,100,,177,10,,,1,100,,168,10,,,1,100,,178,10,,,1,100,,169,10,,,1,100,,179,10,,,1,100,,170,10,,,1,100,,180,10,,,1,100,,171,10,,,1,100,,181,10,,,1,100,,172,10,,,1,100,,182,10,,,1,100,,173,10,,,1
20101,'Sunday-19',618,,183,10,,,1,100,,190,10,,,1,100,,184,10,,,1,100,,191,10,,,1,100,,185,10,,,1,100,,192,10,,,1,100,,186,10,,,1,100,,193,10,,,1,100,,187,10,,,1,100,,194,10,,,1,100,,188,10,,,1,100,,195,10,,,1,100,,189,10,,,1,100,,196,10,,,1
20101,'Weekday-23',602,,211,10,,,1,30,,217,10,,,1,21,,208,10,,,1,60,,226,10,,,1,23,,212,10,,,1,118,,219,10,,,1,102,,220,10,,,1,100,,218,10,,,1,100,,221,10,,,1,93,,223,10,,,1,99,,197,10,,,1,10,,207,10,,,1,93,,224,10,,,1,54,,222,10,,,1,16,,199,10,,,1,18,,227,10,,,1,64,,201,10,,,1,16,,225,10,,,1,24,,209,10,,,1,61,,210,10,,,1,36,,213,10,,,1,12,,198,10,,,1,66,,202,10,,,1,24,,216,10,,,1,60,,205,10,,,1,29,,200,10,,,1,100,,206,10,,,1,100,,214,10,,,1,100,,203,10,,,1,100,,215,10,,,1,100,,204,10,,,1
20101,'Weekday-24',602,,248,10,,,1,30,,253,10,,,1,21,,240,10,,,1,60,,241,10,,,1,23,,250,10,,,1,118,,255,10,,,1,102,,249,10,,,1,100,,254,10,,,1,100,,251,10,,,1,93,,256,10,,,1,99,,244,10,,,1,10,,239,10,,,1,93,,257,10,,,1,54,,252,10,,,1,16,,229,10,,,1,18,,242,10,,,1,64,,233,10,,,1,16,,258,10,,,1,24,,246,10,,,1,61,,243,10,,,1,36,,247,10,,,1,12,,245,10,,,1,66,,234,10,,,1,24,,228,10,,,1,60,,237,10,,,1,29,,230,10,,,1,100,,238,10,,,1,100,,231,10,,,1,100,,235,10,,,1,100,,232,10,,,1,100,,236,10,,,1
20101,'Weekday-28',617,,261,10,,,1,30,,262,10,,,1,76,,280,10,,,1,30,,270,10,,,1,66,,260,10,,,1,81,,281,10,,,1,19,,272,10,,,1,100,,279,10,,,1,100,,264,10,,,1,100,,263,10,,,1,100,,282,10,,,1,100,,259,10,,,1,100,,283,10,,,1,29,,278,10,,,1,65,,265,10,,,1,39,,271,10,,,1,70,,284,10,,,1,33,,266,10,,,1,70,,273,10,,,1,34,,274,10,,,1,57,,267,10,,,1,100,,275,10,,,1,100,,268,10,,,1,100,,276,10,,,1,100,,269,10,,,1,100,,277,10,,,1
20801,'Weekday-23',1509,,756,7,,,1,14,,753,7,,,1,24,,758,7,,,1,57,,754,7,,,1,29,,752,7,,,1,13,,755,7,,,1,68,,757,7,,,1
20801,'Weekday-24',1509,,759,7,,,1,14,,763,7,,,1,24,,765,7,,,1,57,,761,7,,,1,29,,760,7,,,1,13,,762,7,,,1,68,,764,7,,,1
