20101,'Holiday1-91',648,,2360,26,,,1,100,,2367,26,,,1,100,,2361,26,,,1,100,,2368,26,,,1,100,,2362,26,,,1,100,,2369,26,,,1,100,,2363,26,,,1,100,,2370,26,,,1,100,,2364,26,,,1,100,,2371,26,,,1,100,,2365,26,,,1,100,,2372,26,,,1
20101,'Saturday-30',650,,2374,26,,,1,100,,2384,26,,,1,100,,2375,26,,,1,100,,2385,26,,,1,100,,2376,26,,,1,100,,2386,26,,,1,100,,2377,26,,,1,100,,2387,26,,,1,100,,2378,26,,,1,100,,2388,26,,,1,100,,2379,26,,,1,100,,2389,26,,,1,100,,2380,26,,,1,100,,2390,26,,,1,100,,2381,26,,,1,100,,2391,26,,,1,100,,2382,26,,,1
20101,'Sunday-31',648,,2393,26,,,1,100,,2400,26,,,1,100,,2394,26,,,1,100,,2401,26,,,1,100,,2395,26,,,1,100,,2402,26,,,1,100,,2396,26,,,1,100,,2403,26,,,1,100,,2397,26,,,1,100,,2404,26,,,1,100,,2398,26,,,1,100,,2405,26,,,1
20101,'Weekday-29',633,,2418,26,,,1,70,,2429,26,,,1,24,,2437,26,,,1,20,,2428,26,,,1,80,,2419,26,,,1,97,,2431,26,,,1,100,,2432,26,,,1,100,,2430,26,,,1,100,,2433,26,,,1,100,,2421,26,,,1,100,,2435,26,,,1,20,,2415,26,,,1,80,,2422,26,,,1,23,,2434,26,,,1,60,,2407,26,,,1,19,,2424,26,,,1,21,,2409,26,,,1,60,,2423,26,,,1,20,,2416,26,,,1,21,,2417,26,,,1,61,,2425,26,,,1,16,,2436,26,,,1,87,,2420,26,,,1,25,,2413,26,,,1,67,,2408,26,,,1,100,,2414,26,,,1,100,,2426,26,,,1,100,,2411,26,,,1
20101,'Weekday-32',633,,2461,26,,,1,70,,2438,26,,,1,24,,2453,26,,,1,20,,2454,26,,,1,80,,2463,26,,,1,97,,2440,26,,,1,100,,2462,26,,,1,100,,2439,26,,,1,100,,2464,26,,,1,100,,2466,26,,,1,100,,2457,26,,,1,20,,2452,26,,,1,80,,2467,26,,,1,23,,2465,26,,,1,60,,2442,26,,,1,19,,2455,26,,,1,21,,2446,26,,,1,60,,2468,26,,,1,20,,2459,26,,,1,21,,2456,26,,,1,61,,2460,26,,,1,16,,2458,26,,,1,87,,2441,26,,,1,25,,2450,26,,,1,67,,2443,26,,,1,100,,2451,26,,,1,100,,2444,26,,,1,100,,2448,26,,,1
20101,'Weekday-33',650,,2486,26,,,1,70,,2487,26,,,1,30,,2475,26,,,1,70,,2489,26,,,1,30,,2485,26,,,1,100,,2491,26,,,1,100,,2474,26,,,1,100,,2494,26,,,1,100,,2488,26,,,1,100,,2493,26,,,1,100,,2484,26,,,1,100,,2482,26,,,1,70,,2481,26,,,1,30,,2469,26,,,1,70,,2490,26,,,1,30,,2483,26,,,1,69,,2470,26,,,1,29,,2492,26,,,1,70,,2477,26,,,1,30,,2471,26,,,1,100,,2478,26,,,1,100,,2472,26,,,1,100,,2479,26,,,1
20301,'Weekday-29',727,,2735,11,,,1,20,,2724,11,,,1,80,,2740,11,,,1,97,,2734,11,,,1,100,,2725,11,,,1,100,,2741,11,,,1,100,,2726,11,,,1,100,,2727,11,,,1,100,,2723,11,,,1,20,,2739,11,,,1,80,,2720,11,,,1,104,,2742,11,,,1,79,,2722,11,,,1,21,,2738,11,,,1,81,,2733,11,,,1,16,,2737,11,,,1,79,,2721,11,,,1,33,,2736,11,,,1
20301,'Weekday-32',727,,2749,11,,,1,20,,2750,11,,,1,80,,2764,11,,,1,97,,2754,11,,,1,100,,2751,11,,,1,100,,2765,11,,,1,100,,2752,11,,,1,100,,2762,11,,,1,100,,2755,11,,,1,20,,2759,11,,,1,80,,2753,11,,,1,104,,2763,11,,,1,79,,2760,11,,,1,21,,2758,11,,,1,81,,2761,11,,,1,16,,2757,11,,,1,79,,2743,11,,,1,33,,2756,11,,,1
20301,'Weekday-33',719,,2769,11,,,1,30,,2771,11,,,1,70,,2775,11,,,1,30,,2770,11,,,1,100,,2776,11,,,1,100,,2773,11,,,1,100,,2777,11,,,1,100,,2774,11,,,1,100,,2778,11,,,1,100,,2782,11,,,1,100,,2779,11,,,1,70,,2766,11,,,1,30,,2783,11,,,1,72,,2780,11,,,1,28,,2767,11,,,1,70,,2784,11,,,1
20401,'Weekday-29',1547,,2812,8,,,1,101,,2809,8,,,1,99,,2811,8,,,1
20401,'Weekday-32',1547,,2813,8,,,1,101,,2814,8,,,1,99,,2816,8,,,1
20801,'Weekday-29',1547,,2930,9,,,1,60,,2927,9,,,1,20,,2932,9,,,1,20,,2928,9,,,1,60,,2926,9,,,1,20,,2929,9,,,1,21,,2931,9,,,1
20801,'Weekday-32',1547,,2938,9,,,1,60,,2939,9,,,1,20,,2937,9,,,1,20,,2934,9,,,1,60,,2933,9,,,1,20,,2935,9,,,1,21,,2936,9,,,1
21101,'Weekday-29',1607,,2950,11,,,1,40,,2949,11,,,1,60,,2946,11,,,1,20,,2947,11,,,1,21,,2948,11,,,1
21101,'Weekday-32',1607,,2953,11,,,1,40,,2951,11,,,1,60,,2954,11,,,1,20,,2955,11,,,1,21,,2952,11,,,1
