100000901,'Weekday-23',559,,1373,15,,,1,60,,1372,15,,,1,20,,1365,15,,,1,20,,1367,15,,,1,60,,1368,15,,,1,20,,1366,15,,,1,20,,1363,15,,,1,60,,1364,15,,,1,820,,1370,15,,,1,20,,1369,15,,,1,60,,1362,15,,,1,20,,1371,15,,,1
100000901,'Weekday-24',559,,1382,15,,,1,60,,1385,15,,,1,20,,1383,15,,,1,20,,1377,15,,,1,60,,1378,15,,,1,20,,1384,15,,,1,20,,1375,15,,,1,60,,1376,15,,,1,820,,1380,15,,,1,20,,1379,15,,,1,60,,1374,15,,,1,20,,1381,15,,,1
100000901,'Weekday-28',555,,1394,15,,,1,70,,1389,15,,,1,30,,1386,15,,,1,70,,1390,15,,,1,30,,1393,15,,,1,900,,1391,15,,,1,70,,1387,15,,,1,30,,1392,15,,,1,70,,1388,15,,,1
100003201,'Saturday-25',623,,1990,14,,,1,100,,1991,14,,,1,100,,1992,14,,,1,100,,1993,14,,,1,100,,1985,14,,,1,100,,1996,14,,,1,100,,1986,14,,,1,100,,1994,14,,,1,100,,1987,14,,,1,100,,1997,14,,,1,100,,1988,14,,,1,100,,1995,14,,,1,100,,1989,14,,,1
100003201,'Saturday-27',623,,2003,14,,,1,100,,2004,14,,,1,100,,2005,14,,,1,100,,2006,14,,,1,100,,1998,14,,,1,100,,2009,14,,,1,100,,1999,14,,,1,100,,2007,14,,,1,100,,2000,14,,,1,100,,2010,14,,,1,100,,2001,14,,,1,100,,2008,14,,,1,100,,2002,14,,,1
100003201,'Weekday-23',537,,2016,9,,,1,20,,2020,14,,,1,60,,2017,9,,,1,35,,2014,14,,,1,103,,2013,14,0,7,1,61,,2015,14,0,7,1,39,,2011,14,,,1,99,,2022,14,,,1,100,,2021,14,,,1,101,,2026,14,,,1,97,,2024,14,,,1,103,,2023,14,,,1,93,,2012,14,,,1,66,,2019,14,,,1,16,,2025,14,,,1,25,,2018,14,,,1
100003201,'Weekday-24',537,,2030,9,,,1,20,,2034,14,,,1,60,,2031,9,,,1,35,,2028,14,,,1,103,,2027,14,0,7,1,61,,2029,14,0,7,1,39,,2039,14,,,1,99,,2036,14,,,1,100,,2035,14,,,1,101,,2042,14,,,1,97,,2038,14,,,1,103,,2037,14,,,1,93,,2040,14,,,1,66,,2033,14,,,1,16,,2041,14,,,1,25,,2032,14,,,1
100003201,'Weekday-28',553,,2057,14,,,1,70,,2061,14,,,1,30,,2058,14,,,1,70,,2062,14,,,1,32,,2059,14,,,1,60,,2043,14,,,1,40,,2060,14,,,1,69,,2044,14,,,1,100,,2045,14,,,1,100,,2046,14,,,1,101,,2047,14,,,1,97,,2048,14,,,1,103,,2049,14,,,1,101,,2050,14,,,1,29,,2054,14,,,1,70,,2051,14,,,1,30,,2055,14,,,1,68,,2052,14,,,1,31,,2056,14,,,1,70,,2053,14,,,1
100003301,'Saturday-25',624,,2152,16,,,1,100,,2153,16,,,1,100,,2154,16,,,1,100,,2155,16,,,1,100,,2156,16,,,1,100,,2148,16,,,1,100,,2149,16,,,1,100,,2157,16,,,1,100,,2158,16,,,1,100,,2150,16,,,1,100,,2151,16,,,1,100,,2159,16,,,1,100,,2160,16,,,1
100003301,'Saturday-27',624,,2165,16,,,1,100,,2166,16,,,1,100,,2167,16,,,1,100,,2168,16,,,1,100,,2169,16,,,1,100,,2161,16,,,1,100,,2162,16,,,1,100,,2170,16,,,1,100,,2171,16,,,1,100,,2163,16,,,1,100,,2164,16,,,1,100,,2172,16,,,1,100,,2173,16,,,1
100003301,'Weekday-23',902,,2175,16,,,1,99,,2176,16,,,1,101,,2177,16,,,1,101,,2178,16,,,1,98,,2179,16,,,1,99,,2180,16,,,1,100,,2181,16,,,1,15,,2184,16,,,1,86,,2174,16,,,1,205,,2183,16,4,,1,20,,2185,16,4,,1
100003301,'Weekday-24',902,,2192,16,,,1,99,,2193,16,,,1,101,,2194,16,,,1,101,,2195,16,,,1,98,,2196,16,,,1,99,,2197,16,,,1,100,,2198,16,,,1,15,,2201,16,,,1,86,,2191,16,,,1,205,,2200,16,4,,1,20,,2202,16,4,,1
100003301,'Weekday-28',826,,2206,16,,,1,31,,2217,16,,,1,70,,2207,16,,,1,99,,2208,16,,,1,101,,2209,16,,,1,101,,2210,16,,,1,98,,2211,16,,,1,99,,2212,16,,,1,100,,2213,16,,,1,31,,2215,16,,,1,69,,2214,16,,,1,15,,2219,16,4,,1,65,,2220,16,4,,1,33,,2218,16,4,,1,69,,2216,16,4,,1
