100000900,'Weekday-17',705,,917,,,1,23,,916,,,1,880,,922,,,1,20,,920,,,1,21,,914,,,1,59,,923,,,1,20,,921,,,1,21,,915,,,1,61,,919,,,1,20,,918,,,1
100000900,'Weekday-23',705,,2664,,,1,23,,2663,,,1,880,,2669,,,1,20,,2667,,,1,21,,2661,,,1,59,,2670,,,1,20,,2668,,,1,21,,2662,,,1,61,,2666,,,1,20,,2665,,,1
100000900,'Weekday-24',705,,2680,,,1,23,,2673,,,1,880,,2678,,,1,20,,2676,,,1,21,,2671,,,1,59,,2679,,,1,20,,2677,,,1,21,,2672,,,1,61,,2675,,,1,20,,2674,,,1
100000900,'Weekday-26',1619,,2683,,,1,30,,2681,,,1,70,,2684,,,1,30,,2682,,,1
100003300,'Saturday-18',648,,1405,,,1,100,,1406,,,1,100,,1407,,,1,100,,1400,,,1,100,,1411,,,1,100,,1401,,,1,100,,1408,,,1,100,,1402,,,1,100,,1412,,,1,100,,1403,,,1,100,,1409,,,1,100,,1404,,,1
100003300,'Saturday-25',648,,3279,,,1,100,,3280,,,1,100,,3281,,,1,100,,3274,,,1,100,,3285,,,1,100,,3275,,,1,100,,3282,,,1,100,,3276,,,1,100,,3286,,,1,100,,3277,,,1,100,,3283,,,1,100,,3278,,,1
100003300,'Weekday-17',658,,1427,,,1,83,,1426,,,1,85,,1416,,,1,100,,1417,,,1,100,,1418,,,1,100,,1419,,,1,99,,1420,,,1,100,,1421,,,1,100,,1422,,,1,20,,1428,,,1,78,,1413,,,1,26,,1424,,,1
100003300,'Weekday-23',658,,3301,,,1,83,,3300,,,1,85,,3290,,,1,100,,3291,,,1,100,,3292,,,1,100,,3293,,,1,99,,3294,,,1,100,,3295,,,1,100,,3296,,,1,20,,3302,,,1,78,,3287,,,1,26,,3298,,,1
100003300,'Weekday-24',658,,3323,,,1,83,,3322,,,1,85,,3312,,,1,100,,3313,,,1,100,,3314,,,1,100,,3315,,,1,99,,3316,,,1,100,,3317,,,1,100,,3318,,,1,20,,3324,,,1,78,,3310,,,1,26,,3320,,,1
100003300,'Weekday-26',648,,3340,,,1,71,,3339,,,1,34,,3341,,,1,65,,3345,,,1,30,,3331,,,1,101,,3333,,,1,100,,3332,,,1,100,,3334,,,1,99,,3335,,,1,100,,3336,,,1,100,,3337,,,1,102,,3338,,,1
