100000700,'Saturday-27',659,,1206,3,,,1,100,,1207,3,,,1,100,,1208,3,,,1,100,,1209,3,,,1,100,,1214,3,,,1,100,,1210,3,,,1,100,,1215,3,,,1,100,,1211,3,,,1,100,,1216,3,,,1,100,,1212,3,,,1,100,,1217,3,,,1,100,,1213,3,,,1
100000700,'Saturday-30',659,,3316,3,,,1,100,,3317,3,,,1,100,,3318,3,,,1,100,,3319,3,,,1,100,,3324,3,,,1,100,,3320,3,,,1,100,,3325,3,,,1,100,,3321,3,,,1,100,,3326,3,,,1,100,,3322,3,,,1,100,,3327,3,,,1,100,,3323,3,,,1
100000700,'Weekday-23',656,,1231,3,,,1,60,,1219,3,,,1,20,,1222,3,,,1,20,,1224,3,,,1,80,,1227,3,,,1,100,,1230,3,,,1,100,,1226,3,,,1,100,,1221,3,,,1,100,,1225,3,,,1,100,,1228,3,,,1
100000700,'Weekday-29',656,,3338,3,,,1,60,,3329,3,,,1,20,,3332,3,,,1,20,,3334,3,,,1,80,,3341,3,,,1,100,,3340,3,,,1,100,,3336,3,,,1,100,,3331,3,,,1,100,,3335,3,,,1,100,,3337,3,,,1
100000700,'Weekday-32',656,,3351,3,,,1,60,,3342,3,,,1,20,,3345,3,,,1,20,,3347,3,,,1,80,,3354,3,,,1,100,,3353,3,,,1,100,,3349,3,,,1,100,,3344,3,,,1,100,,3348,3,,,1,100,,3355,3,,,1
100000700,'Weekday-33',658,,3371,3,,,1,70,,3372,3,,,1,30,,3373,3,,,1,70,,3374,3,,,1,30,,3375,3,,,1,100,,3369,3,,,1,100,,3356,3,,,1,100,,3357,3,,,1,100,,3359,3,,,1,100,,3358,3,,,1,100,,3360,3,,,1,70,,3361,3,,,1,30,,3362,3,,,1,70,,3363,3,,,1,30,,3364,3,,,1,70,,3365,3,,,1,30,,3366,3,,,1
100001401,'Holiday1-91',659,,3659,3,,,1,100,,3665,3,,,1,100,,3660,3,,,1,100,,3666,3,,,1,100,,3661,3,,,1,100,,3667,3,,,1,100,,3662,3,,,1,100,,3668,3,,,1,100,,3663,3,,,1,100,,3669,3,,,1,100,,3664,3,,,1,100,,3670,3,,,1
100001401,'Saturday-27',700,,1583,3,,,1,100,,1592,3,,,1,100,,1584,3,,,1,100,,1593,3,,,1,100,,1585,3,,,1,100,,1594,3,,,1,100,,1586,3,,,1,100,,1595,3,,,1,100,,1587,3,,,1,100,,1596,3,,,1,100,,1588,3,,,1,100,,1597,3,,,1,57,,1589,3,,,1,100,,1598,3,,,1,100,,1591,3,,,1,100,,1599,3,,,1,100,,1590,3,,,1
100001401,'Saturday-30',700,,3671,3,,,1,100,,3680,3,,,1,100,,3672,3,,,1,100,,3681,3,,,1,100,,3673,3,,,1,100,,3682,3,,,1,100,,3674,3,,,1,100,,3683,3,,,1,100,,3675,3,,,1,100,,3684,3,,,1,100,,3676,3,,,1,100,,3685,3,,,1,57,,3677,3,,,1,100,,3686,3,,,1,100,,3679,3,,,1,100,,3687,3,,,1,100,,3678,3,,,1
100001401,'Sunday-19',659,,1600,3,,,1,100,,1606,3,,,1,100,,1601,3,,,1,100,,1607,3,,,1,100,,1602,3,,,1,100,,1608,3,,,1,100,,1603,3,,,1,100,,1609,3,,,1,100,,1604,3,,,1,100,,1610,3,,,1,100,,1605,3,,,1,100,,1611,3,,,1
100001401,'Sunday-31',659,,3688,3,,,1,100,,3694,3,,,1,100,,3689,3,,,1,100,,3695,3,,,1,100,,3690,3,,,1,100,,3696,3,,,1,100,,3691,3,,,1,100,,3697,3,,,1,100,,3692,3,,,1,100,,3698,3,,,1,100,,3693,3,,,1,100,,3699,3,,,1
100001401,'Weekday-23',607,,1624,3,,,1,20,,1629,3,,,1,20,,1623,3,,,1,71,,1617,3,,,1,20,,1625,3,,,1,20,,1618,3,,,1,80,,1619,3,,,1,68,,1620,3,,,1,100,,1627,3,,,1,100,,1626,3,,,1,100,,1643,3,,,1,100,,1642,3,,,1,100,,1628,3,,,1,53,,1621,3,,,1,58,,1622,3,,,1,21,,1615,3,,,1,20,,1612,3,,,1,60,,1632,3,,,1,20,,1639,3,,,1,20,,1633,3,,,1,60,,1641,3,,,1,20,,1634,3,,,1,20,,1640,3,,,1,60,,1614,3,,,1,20,,1616,3,,,1,21,,1613,3,,,1,55,,1637,3,,,1,33,,1638,3,,,1,67,,1635,3,,,1,100,,1630,3,,,1,100,,1636,3,,,1,100,,1631,3,,,1
100001401,'Weekday-29',607,,3711,3,,,1,20,,3716,3,,,1,20,,3710,3,,,1,71,,3704,3,,,1,20,,3712,3,,,1,20,,3705,3,,,1,80,,3706,3,,,1,68,,3707,3,,,1,100,,3714,3,,,1,100,,3713,3,,,1,100,,3730,3,,,1,100,,3729,3,,,1,100,,3715,3,,,1,53,,3708,3,,,1,58,,3709,3,,,1,21,,3702,3,,,1,20,,3731,3,,,1,60,,3719,3,,,1,20,,3728,3,,,1,20,,3720,3,,,1,60,,3723,3,,,1,20,,3721,3,,,1,20,,3722,3,,,1,60,,3701,3,,,1,20,,3703,3,,,1,21,,3700,3,,,1,55,,3726,3,,,1,33,,3727,3,,,1,67,,3724,3,,,1,100,,3717,3,,,1,100,,3725,3,,,1,100,,3718,3,,,1
100001401,'Weekday-32',607,,3742,3,,,1,20,,3747,3,,,1,20,,3741,3,,,1,71,,3735,3,,,1,20,,3743,3,,,1,20,,3736,3,,,1,80,,3737,3,,,1,68,,3738,3,,,1,100,,3745,3,,,1,100,,3744,3,,,1,100,,3752,3,,,1,100,,3751,3,,,1,100,,3746,3,,,1,53,,3739,3,,,1,58,,3740,3,,,1,21,,3733,3,,,1,20,,3763,3,,,1,60,,3753,3,,,1,20,,3762,3,,,1,20,,3758,3,,,1,60,,3750,3,,,1,20,,3749,3,,,1,20,,3748,3,,,1,60,,3761,3,,,1,20,,3734,3,,,1,21,,3732,3,,,1,55,,3756,3,,,1,33,,3757,3,,,1,67,,3754,3,,,1,100,,3759,3,,,1,100,,3755,3,,,1,100,,3760,3,,,1
100001401,'Weekday-33',632,,3768,3,,,1,27,,3764,3,,,1,70,,3765,3,,,1,30,,3766,3,,,1,70,,3767,3,,,1,30,,3776,3,,,1,70,,3777,3,,,1,30,,3770,3,,,1,100,,3771,3,,,1,100,,3788,3,,,1,100,,3769,3,,,1,100,,3785,3,,,1,100,,3778,3,,,1,100,,3779,3,,,1,70,,3780,3,,,1,30,,3781,3,,,1,70,,3784,3,,,1,30,,3782,3,,,1,70,,3783,3,,,1,30,,3786,3,,,1,70,,3787,3,,,1,30,,3772,3,,,1,100,,3774,3,,,1,100,,3773,3,,,1,100,,3775,3,,,1
