20101,'Holiday1-91',631,,2360,17,,,1,100,,2367,17,,,1,100,,2361,17,,,1,100,,2368,17,,,1,100,,2362,17,,,1,100,,2369,17,,,1,100,,2363,17,,,1,100,,2370,17,,,1,100,,2364,17,,,1,100,,2371,17,,,1,100,,2365,17,,,1,100,,2372,17,,,1,100,,2366,17,,,1,100,,2373,17,,,1
20101,'Saturday-27',631,,164,17,,,1,100,,174,17,,,1,100,,165,17,,,1,100,,175,17,,,1,100,,166,17,,,1,100,,176,17,,,1,100,,167,17,,,1,100,,177,17,,,1,100,,168,17,,,1,100,,178,17,,,1,100,,169,17,,,1,100,,179,17,,,1,100,,170,17,,,1,100,,180,17,,,1,100,,171,17,,,1,100,,181,17,,,1,100,,172,17,,,1,100,,182,17,,,1,100,,173,17,,,1
20101,'Saturday-30',631,,2374,17,,,1,100,,2384,17,,,1,100,,2375,17,,,1,100,,2385,17,,,1,100,,2376,17,,,1,100,,2386,17,,,1,100,,2377,17,,,1,100,,2387,17,,,1,100,,2378,17,,,1,100,,2388,17,,,1,100,,2379,17,,,1,100,,2389,17,,,1,100,,2380,17,,,1,100,,2390,17,,,1,100,,2381,17,,,1,100,,2391,17,,,1,100,,2382,17,,,1,100,,2392,17,,,1,100,,2383,17,,,1
20101,'Sunday-19',631,,183,17,,,1,100,,190,17,,,1,100,,184,17,,,1,100,,191,17,,,1,100,,185,17,,,1,100,,192,17,,,1,100,,186,17,,,1,100,,193,17,,,1,100,,187,17,,,1,100,,194,17,,,1,100,,188,17,,,1,100,,195,17,,,1,100,,189,17,,,1,100,,196,17,,,1
20101,'Sunday-31',631,,2393,17,,,1,100,,2400,17,,,1,100,,2394,17,,,1,100,,2401,17,,,1,100,,2395,17,,,1,100,,2402,17,,,1,100,,2396,17,,,1,100,,2403,17,,,1,100,,2397,17,,,1,100,,2404,17,,,1,100,,2398,17,,,1,100,,2405,17,,,1,100,,2399,17,,,1,100,,2406,17,,,1
20101,'Weekday-23',615,,211,17,,,1,30,,217,17,,,1,65,,208,17,,,1,21,,226,17,,,1,27,,212,17,,,1,149,,219,17,,,1,101,,220,17,,,1,100,,218,17,,,1,100,,221,17,,,1,95,,223,17,,,1,100,,197,17,,,1,13,,207,17,,,1,89,,224,17,,,1,17,,222,17,,,1,19,,199,17,,,1,18,,227,17,,,1,62,,201,17,,,1,17,,225,17,,,1,63,,209,17,,,1,22,,210,17,,,1,29,,213,17,,,1,55,,198,17,,,1,26,,202,17,,,1,22,,216,17,,,1,62,,205,17,,,1,27,,200,17,,,1,100,,206,17,,,1,100,,214,17,,,1,100,,203,17,,,1,100,,215,17,,,1,100,,204,17,,,1
20101,'Weekday-29',615,,2418,17,,,1,30,,2429,17,,,1,65,,2437,17,,,1,21,,2428,17,,,1,27,,2419,17,,,1,149,,2431,17,,,1,101,,2432,17,,,1,100,,2430,17,,,1,100,,2433,17,,,1,95,,2421,17,,,1,100,,2435,17,,,1,13,,2415,17,,,1,89,,2422,17,,,1,17,,2434,17,,,1,19,,2407,17,,,1,18,,2424,17,,,1,62,,2409,17,,,1,17,,2423,17,,,1,63,,2416,17,,,1,22,,2417,17,,,1,29,,2425,17,,,1,55,,2436,17,,,1,26,,2410,17,,,1,22,,2420,17,,,1,62,,2413,17,,,1,27,,2408,17,,,1,100,,2414,17,,,1,100,,2426,17,,,1,100,,2411,17,,,1,100,,2427,17,,,1,100,,2412,17,,,1
20101,'Weekday-32',615,,2461,17,,,1,30,,2438,17,,,1,65,,2453,17,,,1,21,,2454,17,,,1,27,,2463,17,,,1,149,,2440,17,,,1,101,,2462,17,,,1,100,,2439,17,,,1,100,,2464,17,,,1,95,,2466,17,,,1,100,,2457,17,,,1,13,,2452,17,,,1,89,,2467,17,,,1,17,,2465,17,,,1,19,,2442,17,,,1,18,,2455,17,,,1,62,,2446,17,,,1,17,,2468,17,,,1,63,,2459,17,,,1,22,,2456,17,,,1,29,,2460,17,,,1,55,,2458,17,,,1,26,,2447,17,,,1,22,,2441,17,,,1,62,,2450,17,,,1,27,,2443,17,,,1,100,,2451,17,,,1,100,,2444,17,,,1,100,,2448,17,,,1,100,,2445,17,,,1,100,,2449,17,,,1
20101,'Weekday-33',630,,2486,17,,,1,70,,2487,17,,,1,34,,2475,17,,,1,71,,2489,17,,,1,27,,2485,17,,,1,79,,2476,17,,,1,21,,2491,17,,,1,100,,2474,17,,,1,100,,2494,17,,,1,100,,2488,17,,,1,100,,2493,17,,,1,100,,2484,17,,,1,100,,2482,17,,,1,70,,2481,17,,,1,26,,2469,17,,,1,76,,2490,17,,,1,30,,2483,17,,,1,71,,2470,17,,,1,30,,2492,17,,,1,73,,2477,17,,,1,21,,2471,17,,,1,100,,2478,17,,,1,100,,2472,17,,,1,100,,2479,17,,,1,100,,2473,17,,,1,100,,2480,17,,,1
20201,'Weekday-23',709,,369,5,,,1,20,,357,5,,,1,81,,367,5,,,1,96,,370,5,,,1,102,,359,5,,,1,100,,371,5,,,1,100,,360,5,,,1,100,,372,5,,,1,99,,362,5,,,1,19,,373,5,,,1,78,,363,5,,,1,20,,355,5,,,1,19,,366,5,,,1,60,,361,5,,,1,22,,368,5,,,1,19,,358,5,,,1,64,,351,5,,,1,23,,353,5,,,1,20,,350,5,,,1,58,,352,5,,,1,20,,354,5,,,1,18,,365,5,,,1,73,,356,5,,,1,25,,364,5,,,1
20201,'Weekday-29',709,,2579,5,,,1,20,,2567,5,,,1,81,,2575,5,,,1,96,,2580,5,,,1,102,,2569,5,,,1,100,,2581,5,,,1,100,,2570,5,,,1,100,,2582,5,,,1,99,,2572,5,,,1,19,,2583,5,,,1,78,,2573,5,,,1,20,,2565,5,,,1,19,,2574,5,,,1,60,,2571,5,,,1,22,,2576,5,,,1,19,,2568,5,,,1,64,,2561,5,,,1,23,,2563,5,,,1,20,,2560,5,,,1,58,,2562,5,,,1,20,,2564,5,,,1,18,,2578,5,,,1,73,,2566,5,,,1,25,,2577,5,,,1
20201,'Weekday-32',709,,2600,5,,,1,20,,2591,5,,,1,81,,2597,5,,,1,96,,2601,5,,,1,102,,2593,5,,,1,100,,2602,5,,,1,100,,2594,5,,,1,100,,2603,5,,,1,99,,2596,5,,,1,19,,2604,5,,,1,78,,2607,5,,,1,20,,2589,5,,,1,19,,2584,5,,,1,60,,2595,5,,,1,22,,2599,5,,,1,19,,2592,5,,,1,64,,2585,5,,,1,23,,2587,5,,,1,20,,2605,5,,,1,58,,2586,5,,,1,20,,2588,5,,,1,18,,2606,5,,,1,73,,2590,5,,,1,25,,2598,5,,,1
20201,'Weekday-33',702,,2608,5,,,1,30,,2612,5,,,1,70,,2615,5,,,1,30,,2609,5,,,1,69,,2613,5,,,1,32,,2616,5,,,1,100,,2614,5,,,1,100,,2621,5,,,1,100,,2619,5,,,1,100,,2622,5,,,1,100,,2620,5,,,1,100,,2623,5,,,1,70,,2610,5,,,1,30,,2617,5,,,1,70,,2625,5,,,1,29,,2611,5,,,1,70,,2618,5,,,1,30,,2624,5,,,1
