100000300,'Weekday-23',544,,792,1,,,1,60,,793,1,,,1,20,,794,1,,,1,20,,795,1,,,1,60,,796,1,,,1,20,,797,1,,,1,20,,798,1,,,1,60,,799,1,,,1,20,,800,1,,,1,20,,801,1,,,1,691,,782,1,,,1,20,,783,1,,,1,60,,784,1,,,1,20,,785,1,,,1,20,,786,1,,,1,60,,787,1,,,1,20,,788,1,,,1,20,,789,1,,,1,60,,791,1,,,1,20,,790,1,,,1
100000300,'Weekday-29',544,,2966,1,,,1,60,,2967,1,,,1,20,,2968,1,,,1,20,,2969,1,,,1,60,,2970,1,,,1,20,,2971,1,,,1,20,,2972,1,,,1,60,,2973,1,,,1,20,,2974,1,,,1,20,,2975,1,,,1,691,,2956,1,,,1,20,,2957,1,,,1,60,,2958,1,,,1,20,,2959,1,,,1,20,,2960,1,,,1,60,,2961,1,,,1,20,,2962,1,,,1,20,,2963,1,,,1,60,,2965,1,,,1,20,,2964,1,,,1
100000300,'Weekday-32',544,,2986,1,,,1,60,,2987,1,,,1,20,,2988,1,,,1,20,,2989,1,,,1,60,,2990,1,,,1,20,,2991,1,,,1,20,,2992,1,,,1,60,,2993,1,,,1,20,,2994,1,,,1,20,,2995,1,,,1,691,,2976,1,,,1,20,,2977,1,,,1,60,,2978,1,,,1,20,,2979,1,,,1,20,,2980,1,,,1,60,,2981,1,,,1,20,,2982,1,,,1,20,,2983,1,,,1,60,,2985,1,,,1,20,,2984,1,,,1
100000300,'Weekday-33',606,,3001,1,,,1,30,,3002,1,,,1,70,,3003,1,,,1,30,,3004,1,,,1,70,,3005,1,,,1,753,,2996,1,,,1,70,,2997,1,,,1,30,,2998,1,,,1,70,,2999,1,,,1,30,,3000,1,,,1
100000700,'Saturday-27',658,,1206,1,,,1,100,,1207,1,,,1,100,,1208,1,,,1,100,,1209,1,,,1,100,,1214,1,,,1,100,,1210,1,,,1,100,,1215,1,,,1,100,,1211,1,,,1,100,,1216,1,,,1,100,,1212,1,,,1,100,,1217,1,,,1,100,,1213,1,,,1
100000700,'Saturday-30',658,,3316,1,,,1,100,,3317,1,,,1,100,,3318,1,,,1,100,,3319,1,,,1,100,,3324,1,,,1,100,,3320,1,,,1,100,,3325,1,,,1,100,,3321,1,,,1,100,,3326,1,,,1,100,,3322,1,,,1,100,,3327,1,,,1,100,,3323,1,,,1
100000700,'Weekday-23',655,,1231,1,,,1,60,,1219,1,,,1,20,,1222,1,,,1,20,,1224,1,,,1,80,,1227,1,,,1,100,,1230,1,,,1,100,,1226,1,,,1,100,,1221,1,,,1,100,,1225,1,,,1,100,,1228,1,,,1
100000700,'Weekday-29',655,,3338,1,,,1,60,,3329,1,,,1,20,,3332,1,,,1,20,,3334,1,,,1,80,,3341,1,,,1,100,,3340,1,,,1,100,,3336,1,,,1,100,,3331,1,,,1,100,,3335,1,,,1,100,,3337,1,,,1
100000700,'Weekday-32',655,,3351,1,,,1,60,,3342,1,,,1,20,,3345,1,,,1,20,,3347,1,,,1,80,,3354,1,,,1,100,,3353,1,,,1,100,,3349,1,,,1,100,,3344,1,,,1,100,,3348,1,,,1,100,,3355,1,,,1
100000700,'Weekday-33',657,,3371,1,,,1,70,,3372,1,,,1,30,,3373,1,,,1,70,,3374,1,,,1,30,,3375,1,,,1,100,,3369,1,,,1,100,,3356,1,,,1,100,,3357,1,,,1,100,,3359,1,,,1,100,,3358,1,,,1,100,,3360,1,,,1,70,,3361,1,,,1,30,,3362,1,,,1,70,,3363,1,,,1,30,,3364,1,,,1,70,,3365,1,,,1,30,,3366,1,,,1
100000801,'Saturday-27',630,,1278,1,,,1,100,,1279,1,,,1,100,,1280,1,,,1,100,,1281,1,,,1,100,,1282,1,,,1,100,,1283,1,,,1,100,,1284,1,,,1,100,,1285,1,,,1,100,,1286,1,,,1,100,,1287,1,,,1,100,,1288,1,,,1,100,,1289,1,,,1
100000801,'Saturday-30',630,,3376,1,,,1,100,,3377,1,,,1,100,,3378,1,,,1,100,,3379,1,,,1,100,,3380,1,,,1,100,,3381,1,,,1,100,,3382,1,,,1,100,,3383,1,,,1,100,,3384,1,,,1,100,,3385,1,,,1,100,,3386,1,,,1,100,,3387,1,,,1
100000801,'Weekday-23',837,,1304,1,,,1,100,,1302,1,,,1,100,,1295,1,,,1,100,,1303,1,,,1,100,,1294,1,,,1,100,,1305,1,,,1,100,,1306,1,,,1,21,,1296,1,,,1,76,,1297,1,,,1,20,,1292,1,,,1,60,,1298,1,,,1,21,,1291,1,,,1,19,,1301,1,,,1,62,,1290,1,,,1,19,,1300,1,,,1,22,,1293,1,,,1,59,,1299,1,,,1
100000801,'Weekday-29',837,,3401,1,,,1,100,,3404,1,,,1,100,,3393,1,,,1,100,,3400,1,,,1,100,,3392,1,,,1,100,,3402,1,,,1,100,,3403,1,,,1,21,,3394,1,,,1,76,,3395,1,,,1,20,,3390,1,,,1,60,,3396,1,,,1,21,,3389,1,,,1,19,,3399,1,,,1,62,,3388,1,,,1,19,,3398,1,,,1,22,,3391,1,,,1,59,,3397,1,,,1
100000801,'Weekday-32',837,,3415,1,,,1,100,,3418,1,,,1,100,,3409,1,,,1,100,,3414,1,,,1,100,,3419,1,,,1,100,,3416,1,,,1,100,,3417,1,,,1,21,,3410,1,,,1,76,,3420,1,,,1,20,,3407,1,,,1,60,,3421,1,,,1,21,,3406,1,,,1,19,,3413,1,,,1,62,,3405,1,,,1,19,,3412,1,,,1,22,,3408,1,,,1,59,,3411,1,,,1
100000801,'Weekday-33',930,,3425,1,,,1,100,,3424,1,,,1,100,,3422,1,,,1,100,,3423,1,,,1,100,,3426,1,,,1,27,,3427,1,,,1,73,,3428,1,,,1,27,,3429,1,,,1,70,,3430,1,,,1,30,,3431,1,,,1,70,,3432,1,,,1,30,,3433,1,,,1,70,,3434,1,,,1,30,,3435,1,,,1
