100000700,'Saturday-25',659,,1193,2,,,1,100,,1194,2,,,1,100,,1195,2,,,1,100,,1196,2,,,1,100,,1201,2,,,1,100,,1197,2,,,1,100,,1202,2,,,1,100,,1198,2,,,1,100,,1203,2,,,1,100,,1199,2,,,1,100,,1204,2,,,1,100,,1200,2,,,1
100000700,'Saturday-27',659,,1206,2,,,1,100,,1207,2,,,1,100,,1208,2,,,1,100,,1209,2,,,1,100,,1214,2,,,1,100,,1210,2,,,1,100,,1215,2,,,1,100,,1211,2,,,1,100,,1216,2,,,1,100,,1212,2,,,1,100,,1217,2,,,1,100,,1213,2,,,1
100000700,'Weekday-23',656,,1231,2,,,1,60,,1219,2,,,1,20,,1222,2,,,1,20,,1224,2,,,1,80,,1227,2,,,1,100,,1230,2,,,1,100,,1226,2,,,1,100,,1221,2,,,1,100,,1225,2,,,1,100,,1228,2,,,1
100000700,'Weekday-24',656,,1241,2,,,1,60,,1232,2,,,1,20,,1235,2,,,1,20,,1237,2,,,1,80,,1242,2,,,1,100,,1245,2,,,1,100,,1239,2,,,1,100,,1234,2,,,1,100,,1238,2,,,1,100,,1243,2,,,1
100000700,'Weekday-28',658,,1258,2,,,1,70,,1259,2,,,1,30,,1260,2,,,1,70,,1261,2,,,1,30,,1262,2,,,1,100,,1263,2,,,1,100,,1246,2,,,1,100,,1247,2,,,1,100,,1249,2,,,1,100,,1248,2,,,1,100,,1250,2,,,1,70,,1251,2,,,1,30,,1252,2,,,1,70,,1253,2,,,1,30,,1254,2,,,1,70,,1255,2,,,1,30,,1256,2,,,1
100001401,'Saturday-25',659,,1566,2,,,1,100,,1575,2,,,1,100,,1567,2,,,1,100,,1576,2,,,1,100,,1568,2,,,1,100,,1577,2,,,1,100,,1569,2,,,1,100,,1578,2,,,1,100,,1570,2,,,1,100,,1579,2,,,1,100,,1571,2,,,1,100,,1580,2,,,1,97,,1572,2,,,1,100,,1581,2,,,1,100,,1574,2,,,1,100,,1582,2,,,1,100,,1573,2,,,1
100001401,'Saturday-27',659,,1583,2,,,1,100,,1592,2,,,1,100,,1584,2,,,1,100,,1593,2,,,1,100,,1585,2,,,1,100,,1594,2,,,1,100,,1586,2,,,1,100,,1595,2,,,1,100,,1587,2,,,1,100,,1596,2,,,1,100,,1588,2,,,1,100,,1597,2,,,1,97,,1589,2,,,1,100,,1598,2,,,1,100,,1591,2,,,1,100,,1599,2,,,1,100,,1590,2,,,1
100001401,'Sunday-19',658,,1600,2,,,1,100,,1606,2,,,1,100,,1601,2,,,1,100,,1607,2,,,1,100,,1602,2,,,1,100,,1608,2,,,1,100,,1603,2,,,1,100,,1609,2,,,1,100,,1604,2,,,1,100,,1610,2,,,1,100,,1605,2,,,1,100,,1611,2,,,1
100001401,'Weekday-23',606,,1624,2,,,1,20,,1629,2,,,1,20,,1623,2,,,1,71,,1617,2,,,1,20,,1625,2,,,1,20,,1618,2,,,1,80,,1619,2,,,1,68,,1620,2,,,1,100,,1627,2,,,1,100,,1626,2,,,1,100,,1643,2,,,1,100,,1642,2,,,1,100,,1628,2,,,1,53,,1621,2,,,1,58,,1622,2,,,1,21,,1615,2,,,1,20,,1612,2,,,1,60,,1632,2,,,1,20,,1639,2,,,1,20,,1633,2,,,1,60,,1641,2,,,1,20,,1634,2,,,1,20,,1640,2,,,1,60,,1614,2,,,1,20,,1616,2,,,1,21,,1613,2,,,1,55,,1637,2,,,1,33,,1638,2,,,1,67,,1635,2,,,1,100,,1630,2,,,1,100,,1636,2,,,1,100,,1631,2,,,1
100001401,'Weekday-24',606,,1655,2,,,1,20,,1665,2,,,1,20,,1654,2,,,1,71,,1648,2,,,1,20,,1656,2,,,1,20,,1649,2,,,1,80,,1650,2,,,1,68,,1651,2,,,1,100,,1663,2,,,1,100,,1662,2,,,1,100,,1675,2,,,1,100,,1674,2,,,1,100,,1664,2,,,1,53,,1652,2,,,1,58,,1653,2,,,1,21,,1646,2,,,1,20,,1670,2,,,1,60,,1645,2,,,1,20,,1669,2,,,1,20,,1661,2,,,1,60,,1673,2,,,1,20,,1672,2,,,1,20,,1671,2,,,1,60,,1668,2,,,1,20,,1647,2,,,1,21,,1644,2,,,1,55,,1659,2,,,1,33,,1660,2,,,1,67,,1657,2,,,1,100,,1666,2,,,1,100,,1658,2,,,1,100,,1667,2,,,1
100001401,'Weekday-28',631,,1680,2,,,1,27,,1676,2,,,1,70,,1677,2,,,1,30,,1678,2,,,1,70,,1679,2,,,1,30,,1684,2,,,1,70,,1685,2,,,1,30,,1682,2,,,1,100,,1683,2,,,1,100,,1693,2,,,1,100,,1681,2,,,1,100,,1696,2,,,1,100,,1686,2,,,1,100,,1687,2,,,1,70,,1688,2,,,1,30,,1689,2,,,1,70,,1692,2,,,1,30,,1690,2,,,1,70,,1691,2,,,1,30,,1699,2,,,1,70,,1700,2,,,1,30,,1694,2,,,1,100,,1697,2,,,1,100,,1695,2,,,1,100,,1698,2,,,1
