20100,'Saturday-25',547,,1,7,0,5,1,100,,14,7,0,5,1,100,,2,7,0,5,1,100,,15,7,0,5,1,100,,3,7,0,5,1,100,,16,7,0,5,1,100,,4,7,0,5,1,100,,17,7,0,5,1,100,,5,7,0,5,1,100,,18,7,0,5,1,100,,6,7,0,5,1,100,,19,7,0,5,1,100,,7,7,0,5,1,100,,11,7,0,5,1,100,,8,7,0,5,1,100,,12,7,0,5,1,100,,9,7,0,5,1,100,,13,7,0,5,1,100,,10,7,0,5,1
20100,'Saturday-27',547,,20,7,0,5,1,100,,33,7,0,5,1,100,,21,7,0,5,1,100,,34,7,0,5,1,100,,22,7,0,5,1,100,,35,7,0,5,1,100,,23,7,0,5,1,100,,36,7,0,5,1,100,,24,7,0,5,1,100,,37,7,0,5,1,100,,25,7,0,5,1,100,,38,7,0,5,1,100,,26,7,0,5,1,100,,30,7,0,5,1,100,,27,7,0,5,1,100,,31,7,0,5,1,100,,28,7,0,5,1,100,,32,7,0,5,1,100,,29,7,0,5,1
20100,'Sunday-19',547,,45,7,0,5,1,100,,46,7,0,5,1,100,,39,7,0,5,1,100,,47,7,0,5,1,100,,40,7,0,5,1,100,,48,7,0,5,1,100,,41,7,0,5,1,100,,49,7,0,5,1,100,,42,7,0,5,1,100,,50,7,0,5,1,100,,43,7,0,5,1,100,,51,7,0,5,1,100,,44,7,0,5,1,100,,52,7,0,5,1
20100,'Weekday-23',532,,69,7,0,5,1,70,,75,7,0,5,1,20,,65,7,0,5,1,20,,84,7,0,5,1,61,,70,7,0,5,1,21,,78,7,,,1,19,,76,7,,,1,60,,66,7,,,1,20,,83,7,,,1,19,,82,7,,,1,82,,79,7,0,5,1,100,,77,7,0,5,1,100,,80,7,0,5,1,100,,53,7,,,1,100,,64,7,0,5,1,100,,81,7,0,5,1,101,,58,7,0,5,1,21,,56,7,0,5,1,79,,67,7,0,5,1,18,,54,7,,,1,60,,71,7,0,5,1,22,,68,7,,,1,18,,59,7,0,5,1,60,,74,7,0,5,1,20,,61,7,0,5,1,79,,57,7,0,5,1,100,,63,7,0,5,1,100,,72,7,0,5,1,100,,62,7,0,5,1,100,,73,7,0,5,1,100,,60,7,0,5,1
20100,'Weekday-24',532,,110,7,0,5,1,70,,115,7,0,5,1,20,,99,7,0,5,1,20,,101,7,0,5,1,61,,111,7,0,5,1,21,,105,7,,,1,19,,116,7,,,1,60,,100,7,,,1,20,,102,7,,,1,19,,118,7,,,1,82,,112,7,0,5,1,100,,117,7,0,5,1,100,,113,7,0,5,1,100,,107,7,,,1,100,,98,7,0,5,1,100,,114,7,0,5,1,101,,92,7,0,5,1,21,,88,7,0,5,1,79,,104,7,0,5,1,18,,108,7,,,1,60,,109,7,0,5,1,22,,106,7,,,1,18,,93,7,0,5,1,60,,86,7,0,5,1,20,,95,7,0,5,1,79,,89,7,0,5,1,100,,97,7,0,5,1,100,,90,7,0,5,1,100,,96,7,0,5,1,100,,91,7,0,5,1,100,,94,7,0,5,1
20100,'Weekday-28',547,,121,7,0,5,1,70,,123,7,0,5,1,30,,140,7,0,5,1,71,,120,7,,,1,30,,122,7,,,1,70,,141,7,0,5,1,29,,133,7,0,5,1,100,,125,7,,,1,100,,124,7,,,1,100,,142,7,,,1,100,,119,7,,,1,100,,144,7,,,1,100,,139,7,,,1,101,,131,7,,,1,70,,143,7,,,1,30,,138,7,,,1,70,,126,7,0,5,1,30,,132,7,0,5,1,70,,134,7,0,5,1,29,,128,7,0,5,1,100,,136,7,0,5,1,100,,129,7,0,5,1,100,,137,7,0,5,1,100,,127,7,0,5,1,100,,135,7,0,5,1
20200,'Weekday-23',843,,295,11,,,1,80,,297,11,,,1,100,,307,11,,,1,100,,298,11,,,1,100,,306,11,,,1,100,,299,11,,,1,100,,300,11,,,1,100,,304,11,,,1,23,,296,11,,,1,77,,286,11,,,1,24,,290,11,,,1,56,,285,11,,,1,20,,287,11,,,1,20,,292,11,,,1,60,,302,11,,,1,40,,293,11,,,1,60,,301,11,,,1
20200,'Weekday-24',843,,320,11,,,1,80,,322,11,,,1,100,,331,11,,,1,100,,323,11,,,1,100,,330,11,,,1,100,,324,11,,,1,100,,325,11,,,1,100,,328,11,,,1,23,,321,11,,,1,77,,310,11,,,1,24,,314,11,,,1,56,,309,11,,,1,20,,311,11,,,1,20,,316,11,,,1,60,,318,11,,,1,40,,317,11,,,1,60,,327,11,,,1
20200,'Weekday-28',848,,340,11,,,1,100,,336,11,,,1,100,,345,11,,,1,100,,344,11,,,1,100,,346,11,,,1,100,,343,11,,,1,100,,347,11,,,1,100,,341,11,,,1,70,,349,11,,,1,32,,335,11,,,1,68,,339,11,,,1,30,,348,11,,,1
20300,'Saturday-25',948,,416,2,,,1,100,,421,2,,,1,100,,417,2,,,1,100,,422,2,,,1,100,,418,2,,,1,100,,423,2,,,1,100,,419,2,,,1,100,,424,2,,,1,100,,420,2,,,1
20300,'Saturday-27',948,,425,2,,,1,100,,430,2,,,1,100,,426,2,,,1,100,,431,2,,,1,100,,427,2,,,1,100,,432,2,,,1,100,,428,2,,,1,100,,433,2,,,1,100,,429,2,,,1
20300,'Weekday-23',623,,437,7,,,1,20,,441,7,,,1,60,,458,7,,,1,40,,457,7,,,1,60,,442,7,,,1,40,,446,7,,,1,80,,443,7,,,1,100,,435,7,,,1,100,,444,7,,,1,100,,445,7,,,1,100,,453,7,,,1,100,,434,7,,,1,100,,440,7,,,1,23,,438,7,,,1,77,,454,7,,,1,22,,455,7,,,1,58,,459,7,,,1,20,,456,7,,,1,20,,439,7,,,1,60,,436,7,,,1,20,,447,7,,,1,80,,448,7,,,1,99,,449,2,,,1,100,,450,2,,,1,100,,451,2,,,1,100,,452,2,,,1
20300,'Weekday-24',623,,466,7,,,1,20,,469,7,,,1,60,,474,7,,,1,40,,477,7,,,1,60,,470,7,,,1,40,,478,7,,,1,80,,471,7,,,1,100,,479,7,,,1,100,,472,7,,,1,100,,476,7,,,1,100,,482,7,,,1,100,,473,7,,,1,100,,480,7,,,1,23,,467,7,,,1,77,,483,7,,,1,22,,484,7,,,1,58,,475,7,,,1,20,,485,7,,,1,20,,468,7,,,1,60,,460,7,,,1,20,,481,7,,,1,80,,461,7,,,1,99,,462,2,,,1,100,,463,2,,,1,100,,464,2,,,1,100,,465,2,,,1
20300,'Weekday-28',618,,489,7,,,1,30,,490,7,,,1,70,,494,7,,,1,30,,488,7,,,1,70,,491,7,,,1,30,,495,7,,,1,100,,492,7,,,1,100,,496,7,,,1,100,,493,7,,,1,100,,500,7,,,1,100,,501,7,,,1,100,,497,7,,,1,100,,502,7,,,1,70,,498,7,,,1,31,,486,7,,,1,69,,503,7,,,1,30,,499,7,,,1,70,,487,7,,,1,30,,504,7,,,1,99,,505,2,,,1,100,,506,2,,,1,100,,507,2,,,1,100,,508,2,,,1,100,,509,2,,,1
