20200,'Weekday-23',612,,305,9,,,1,20,,294,9,,,1,20,,289,9,,,1,60,,303,9,,,1,20,,291,9,,,1,20,,288,9,,,1,60,,308,9,,,1,20,,295,9,,,1,80,,297,9,,,1,100,,307,9,,,1,100,,298,9,,,1,100,,306,9,,,1,100,,299,9,,,1,100,,300,9,,,1,100,,304,9,,,1,23,,296,9,,,1,77,,286,9,,,1,22,,290,9,,,1,18,,285,9,,,1,60,,287,9,,,1,20,,292,9,,,1,20,,302,9,,,1,80,,293,9,,,1,20,,301,9,,,1
20200,'Weekday-29',612,,2515,9,,,1,20,,2504,9,,,1,20,,2499,9,,,1,60,,2511,9,,,1,20,,2501,9,,,1,20,,2498,9,,,1,60,,2518,9,,,1,20,,2505,9,,,1,80,,2507,9,,,1,100,,2517,9,,,1,100,,2508,9,,,1,100,,2516,9,,,1,100,,2509,9,,,1,100,,2510,9,,,1,100,,2512,9,,,1,23,,2506,9,,,1,77,,2496,9,,,1,22,,2500,9,,,1,18,,2495,9,,,1,60,,2497,9,,,1,20,,2502,9,,,1,20,,2514,9,,,1,80,,2503,9,,,1,20,,2513,9,,,1
20200,'Weekday-32',612,,2536,9,,,1,20,,2527,9,,,1,20,,2522,9,,,1,60,,2533,9,,,1,20,,2524,9,,,1,20,,2521,9,,,1,60,,2539,9,,,1,20,,2528,9,,,1,80,,2530,9,,,1,100,,2538,9,,,1,100,,2531,9,,,1,100,,2537,9,,,1,100,,2532,9,,,1,100,,2542,9,,,1,100,,2535,9,,,1,23,,2529,9,,,1,77,,2519,9,,,1,22,,2523,9,,,1,18,,2540,9,,,1,60,,2520,9,,,1,20,,2525,9,,,1,20,,2541,9,,,1,80,,2526,9,,,1,20,,2534,9,,,1
20200,'Weekday-33',608,,2544,9,,,1,30,,2548,9,,,1,70,,2552,9,,,1,30,,2543,9,,,1,70,,2547,9,,,1,30,,2550,9,,,1,100,,2546,9,,,1,100,,2555,9,,,1,100,,2554,9,,,1,100,,2556,9,,,1,100,,2553,9,,,1,100,,2557,9,,,1,100,,2551,9,,,1,70,,2559,9,,,1,30,,2545,9,,,1,70,,2549,9,,,1,30,,2558,9,,,1
100002101,'Weekday-23',708,,1718,34,,,1,23,,1720,34,,,1,19,,1719,34,,,1
100002101,'Weekday-29',708,,3806,34,,,1,23,,3808,34,,,1,19,,3807,34,,,1
100002101,'Weekday-32',708,,3809,34,,,1,23,,3811,34,,,1,19,,3810,34,,,1
100002200,'Weekday-23',552,,1735,20,,,1,59,,1733,20,,,1,20,,1736,20,,,1,21,,1732,28,,,1,158,,1734,28,,,1
100002200,'Weekday-29',552,,3823,20,,,1,59,,3821,20,,,1,20,,3824,20,,,1,21,,3820,28,,,1,158,,3822,28,,,1
100002200,'Weekday-32',552,,3828,20,,,1,59,,3826,20,,,1,20,,3829,20,,,1,21,,3825,28,,,1,158,,3827,28,,,1
100002300,'Weekday-23',1648,,1744,27,,,1,80,,1742,27,,,1,81,,1743,27,,,1
100002300,'Weekday-29',1648,,3832,27,,,1,80,,3830,27,,,1,81,,3831,27,,,1
100002300,'Weekday-32',1648,,3833,27,,,1,80,,3834,27,,,1,81,,3835,27,,,1
100003101,'Saturday-27',635,,1857,28,,,1,100,,1858,28,,,1,100,,1859,28,,,1,100,,1860,28,,,1,100,,1865,28,,,1,100,,1861,28,,,1,100,,1866,28,,,1,100,,1862,28,,,1,100,,1867,28,,,1,100,,1863,28,,,1,100,,1868,28,,,1,100,,1864,28,,,1,100,,1869,28,,,1
100003101,'Saturday-30',635,,3919,28,,,1,100,,3920,28,,,1,100,,3921,28,,,1,100,,3922,28,,,1,100,,3927,28,,,1,100,,3923,28,,,1,100,,3928,28,,,1,100,,3924,28,,,1,100,,3929,28,,,1,100,,3925,28,,,1,100,,3930,28,,,1,100,,3926,28,,,1,100,,3931,28,,,1
100003101,'Weekday-23',828,,1880,28,,,1,81,,1872,28,,,1,100,,1873,28,,,1,100,,1874,28,,,1,100,,1875,28,,,1,100,,1876,28,,,1,100,,1877,28,,,1,100,,1878,28,,,1,15,,1881,28,,,1,85,,1879,28,,,1,99,,1871,28,,,1,40,,1870,28,,,1,80,,1882,28,,,1
100003101,'Weekday-29',828,,3942,28,,,1,81,,3934,28,,,1,100,,3935,28,,,1,100,,3936,28,,,1,100,,3937,28,,,1,100,,3938,28,,,1,100,,3939,28,,,1,100,,3940,28,,,1,15,,3943,28,,,1,85,,3941,28,,,1,99,,3933,28,,,1,40,,3932,28,,,1,80,,3944,28,,,1
100003101,'Weekday-32',828,,3954,28,,,1,81,,3946,28,,,1,100,,3947,28,,,1,100,,3948,28,,,1,100,,3949,28,,,1,100,,3950,28,,,1,100,,3951,28,,,1,100,,3952,28,,,1,15,,3955,28,,,1,85,,3953,28,,,1,99,,3945,28,,,1,40,,3957,28,,,1,80,,3956,28,,,1
100003101,'Weekday-33',605,,3977,24,,,1,28,,3972,24,,,1,70,,3960,24,,,1,31,,3964,28,,,1,70,,3958,28,,,1,30,,3965,28,,,1,70,,3959,28,,,1,30,,3966,28,,,1,100,,3967,28,,,1,100,,3968,28,,,1,100,,3969,28,,,1,100,,3973,28,,,1,100,,3974,28,,,1,100,,3975,28,,,1,70,,3961,28,,,1,30,,3976,28,,,1,69,,3962,28,,,1,30,,3970,28,,,1,70,,3963,28,,,1,30,,3971,28,,,1
