100000300,'Weekday-23',600,,792,14,,,1,20,,793,14,,,1,20,,794,14,,,1,60,,795,14,,,1,20,,796,14,,,1,20,,797,14,,,1,60,,798,14,,,1,20,,799,14,,,1,20,,800,14,,,1,60,,801,14,,,1,651,,782,14,,,1,60,,783,14,,,1,20,,784,14,,,1,20,,785,14,,,1,60,,786,14,,,1,20,,787,14,,,1,20,,788,14,,,1,60,,789,14,,,1,20,,791,14,,,1,20,,790,14,,,1
100000300,'Weekday-29',600,,2966,14,,,1,20,,2967,14,,,1,20,,2968,14,,,1,60,,2969,14,,,1,20,,2970,14,,,1,20,,2971,14,,,1,60,,2972,14,,,1,20,,2973,14,,,1,20,,2974,14,,,1,60,,2975,14,,,1,651,,2956,14,,,1,60,,2957,14,,,1,20,,2958,14,,,1,20,,2959,14,,,1,60,,2960,14,,,1,20,,2961,14,,,1,20,,2962,14,,,1,60,,2963,14,,,1,20,,2965,14,,,1,20,,2964,14,,,1
100000300,'Weekday-32',600,,2986,14,,,1,20,,2987,14,,,1,20,,2988,14,,,1,60,,2989,14,,,1,20,,2990,14,,,1,20,,2991,14,,,1,60,,2992,14,,,1,20,,2993,14,,,1,20,,2994,14,,,1,60,,2995,14,,,1,651,,2976,14,,,1,60,,2977,14,,,1,20,,2978,14,,,1,20,,2979,14,,,1,60,,2980,14,,,1,20,,2981,14,,,1,20,,2982,14,,,1,60,,2983,14,,,1,20,,2985,14,,,1,20,,2984,14,,,1
100000300,'Weekday-33',622,,3001,14,,,1,30,,3002,14,,,1,70,,3003,14,,,1,30,,3004,14,,,1,70,,3005,14,,,1,793,,2996,14,,,1,30,,2997,14,,,1,70,,2998,14,,,1,30,,2999,14,,,1,70,,3000,14,,,1
100000600,'Saturday-27',609,,1034,25,,,1,100,,1035,25,,,1,100,,1036,25,,,1,100,,1037,25,,,1,100,,1038,25,,,1,100,,1039,25,,,1,100,,1040,25,,,1,100,,1041,25,,,1,100,,1042,25,,,1,100,,1043,25,,,1,100,,1044,25,,,1,100,,1045,25,,,1,100,,1046,25,,,1
100000600,'Saturday-30',609,,3170,25,,,1,100,,3171,25,,,1,100,,3172,25,,,1,100,,3173,25,,,1,100,,3174,25,,,1,100,,3175,25,,,1,100,,3176,25,,,1,100,,3177,25,,,1,100,,3178,25,,,1,100,,3179,25,,,1,100,,3180,25,,,1,100,,3181,25,,,1,100,,3182,25,,,1
100000600,'Weekday-23',559,,1055,25,,,1,60,,1052,25,,,1,20,,1056,25,,,1,20,,1051,25,,,1,60,,1048,25,,,1,20,,1058,25,,,1,19,,1047,25,,,1,60,,1061,25,,,1,40,,1065,25,,,1,100,,1059,25,,,1,100,,1050,25,,,1,100,,1070,25,,,1,100,,1060,25,,,1,100,,1068,25,,,1,100,,1057,25,,,1,60,,1062,25,,,1,40,,1066,25,,,1,60,,1069,25,,,1,20,,1063,25,,,1,20,,1067,25,,,1,60,,1053,25,,,1,20,,1049,25,,,1,20,,1064,25,,,1,80,,1054,25,,,1
100000600,'Weekday-29',559,,3191,25,,,1,60,,3188,25,,,1,20,,3192,25,,,1,20,,3187,25,,,1,60,,3184,25,,,1,20,,3194,25,,,1,19,,3183,25,,,1,60,,3197,25,,,1,40,,3201,25,,,1,100,,3195,25,,,1,100,,3186,25,,,1,100,,3205,25,,,1,100,,3196,25,,,1,100,,3206,25,,,1,100,,3193,25,,,1,60,,3198,25,,,1,40,,3204,25,,,1,60,,3203,25,,,1,20,,3199,25,,,1,20,,3202,25,,,1,60,,3189,25,,,1,20,,3185,25,,,1,20,,3200,25,,,1,80,,3190,25,,,1
100000600,'Weekday-32',559,,3216,25,,,1,60,,3213,25,,,1,20,,3217,25,,,1,20,,3212,25,,,1,60,,3209,25,,,1,20,,3218,25,,,1,19,,3208,25,,,1,60,,3221,25,,,1,40,,3222,25,,,1,100,,3219,25,,,1,100,,3211,25,,,1,100,,3224,25,,,1,100,,3220,25,,,1,100,,3229,25,,,1,100,,3225,25,,,1,60,,3226,25,,,1,40,,3223,25,,,1,60,,3230,25,,,1,20,,3227,25,,,1,20,,3207,25,,,1,60,,3214,25,,,1,20,,3210,25,,,1,20,,3228,25,,,1,80,,3215,25,,,1
100000600,'Weekday-33',553,,3245,25,,,1,70,,3246,25,,,1,30,,3243,25,,,1,70,,3239,25,,,1,30,,3244,25,,,1,70,,3240,25,,,1,100,,3241,25,,,1,100,,3248,25,,,1,100,,3242,25,,,1,100,,3249,25,,,1,100,,3237,25,,,1,100,,3247,25,,,1,100,,3238,25,,,1,30,,3233,25,,,1,70,,3234,25,,,1,30,,3231,25,,,1,70,,3235,25,,,1,30,,3232,25,,,1,70,,3236,25,,,1
