100002100,'Weekday-23',1532,,1705,14,,,1,82,,1703,14,,,1,40,,1704,14,,,1,80,,1701,14,,,1,81,,1702,14,,,1
100002100,'Weekday-29',1532,,3793,14,,,1,82,,3791,14,,,1,40,,3792,14,,,1,80,,3789,14,,,1,81,,3790,14,,,1
100002100,'Weekday-32',1532,,3794,14,,,1,82,,3797,14,,,1,40,,3798,14,,,1,80,,3795,14,,,1,81,,3796,14,,,1
100002300,'Weekday-23',1633,,1744,14,,,1,80,,1742,14,,,1,41,,1743,14,,,1
100002300,'Weekday-29',1633,,3832,14,,,1,80,,3830,14,,,1,41,,3831,14,,,1
100002300,'Weekday-32',1633,,3833,14,,,1,80,,3834,14,,,1,41,,3835,14,,,1
100003100,'Saturday-27',550,,1791,11,,,1,100,,1792,11,,,1,100,,1793,11,,,1,100,,1794,11,,,1,100,,1799,11,,,1,100,,1795,11,,,1,100,,1800,11,,,1,100,,1796,11,,,1,100,,1801,11,,,1,100,,1797,11,,,1,100,,1802,11,,,1,100,,1798,11,,,1,100,,1803,11,,,1
100003100,'Saturday-30',550,,3866,11,,,1,100,,3867,11,,,1,100,,3868,11,,,1,100,,3869,11,,,1,100,,3874,11,,,1,100,,3870,11,,,1,100,,3875,11,,,1,100,,3871,11,,,1,100,,3876,11,,,1,100,,3872,11,,,1,100,,3877,11,,,1,100,,3873,11,,,1,100,,3878,11,,,1
100003100,'Weekday-23',713,,1812,11,,,1,119,,1814,11,,,1,97,,1805,11,,,1,100,,1806,11,,,1,100,,1807,11,,,1,100,,1808,11,,,1,102,,1809,11,,,1,100,,1810,11,,,1,20,,1815,11,,,1,76,,1811,11,,,1,26,,1813,11,,,1,282,,1804,11,,,1
100003100,'Weekday-29',713,,3887,11,,,1,119,,3889,11,,,1,97,,3880,11,,,1,100,,3881,11,,,1,100,,3882,11,,,1,100,,3883,11,,,1,102,,3884,11,,,1,100,,3885,11,,,1,20,,3890,11,,,1,76,,3886,11,,,1,26,,3888,11,,,1,282,,3879,11,,,1
100003100,'Weekday-32',713,,3899,11,,,1,119,,3901,11,,,1,97,,3892,11,,,1,100,,3893,11,,,1,100,,3894,11,,,1,100,,3895,11,,,1,102,,3896,11,,,1,100,,3897,11,,,1,20,,3891,11,,,1,76,,3898,11,,,1,26,,3900,11,,,1,282,,3902,11,,,1
100003100,'Weekday-33',653,,3913,11,,,1,71,,3904,11,,,1,30,,3914,11,,,1,70,,3903,11,,,1,28,,3910,11,,,1,100,,3911,11,,,1,100,,3912,11,,,1,100,,3909,11,,,1,100,,3907,11,,,1,102,,3915,11,,,1,100,,3916,11,,,1,100,,3917,11,,,1,69,,3905,11,,,1,33,,3918,11,,,1,68,,3906,11,,,1,30,,3908,11,,,1
