100000901,'Weekday-23',558,,1373,14,,,1,60,,1372,14,,,1,20,,1365,14,,,1,20,,1367,14,,,1,60,,1368,14,,,1,20,,1366,14,,,1,20,,1363,14,,,1,60,,1364,14,,,1,820,,1370,14,,,1,20,,1369,14,,,1,60,,1362,14,,,1,20,,1371,14,,,1
100000901,'Weekday-24',558,,1382,14,,,1,60,,1385,14,,,1,20,,1383,14,,,1,20,,1377,14,,,1,60,,1378,14,,,1,20,,1384,14,,,1,20,,1375,14,,,1,60,,1376,14,,,1,820,,1380,14,,,1,20,,1379,14,,,1,60,,1374,14,,,1,20,,1381,14,,,1
100000901,'Weekday-28',554,,1394,14,,,1,70,,1389,14,,,1,30,,1386,14,,,1,70,,1390,14,,,1,30,,1393,14,,,1,900,,1391,14,,,1,70,,1387,14,,,1,30,,1392,14,,,1,70,,1388,14,,,1
100003201,'Saturday-25',622,,1990,13,,,1,100,,1991,13,,,1,100,,1992,13,,,1,100,,1993,13,,,1,100,,1985,13,,,1,100,,1996,13,,,1,100,,1986,13,,,1,100,,1994,13,,,1,100,,1987,13,,,1,100,,1997,13,,,1,100,,1988,13,,,1,100,,1995,13,,,1,100,,1989,13,,,1
100003201,'Saturday-27',622,,2003,13,,,1,100,,2004,13,,,1,100,,2005,13,,,1,100,,2006,13,,,1,100,,1998,13,,,1,100,,2009,13,,,1,100,,1999,13,,,1,100,,2007,13,,,1,100,,2000,13,,,1,100,,2010,13,,,1,100,,2001,13,,,1,100,,2008,13,,,1,100,,2002,13,,,1
100003201,'Weekday-23',536,,2016,8,,,1,20,,2020,13,,,1,60,,2017,8,,,1,35,,2014,13,,,1,103,,2013,13,0,7,1,61,,2015,13,0,7,1,39,,2011,13,,,1,99,,2022,13,,,1,100,,2021,13,,,1,101,,2026,13,,,1,97,,2024,13,,,1,103,,2023,13,,,1,93,,2012,13,,,1,66,,2019,13,,,1,16,,2025,13,,,1,25,,2018,13,,,1
100003201,'Weekday-24',536,,2030,8,,,1,20,,2034,13,,,1,60,,2031,8,,,1,35,,2028,13,,,1,103,,2027,13,0,7,1,61,,2029,13,0,7,1,39,,2039,13,,,1,99,,2036,13,,,1,100,,2035,13,,,1,101,,2042,13,,,1,97,,2038,13,,,1,103,,2037,13,,,1,93,,2040,13,,,1,66,,2033,13,,,1,16,,2041,13,,,1,25,,2032,13,,,1
100003201,'Weekday-28',552,,2057,13,,,1,70,,2061,13,,,1,30,,2058,13,,,1,70,,2062,13,,,1,32,,2059,13,,,1,60,,2043,13,,,1,40,,2060,13,,,1,69,,2044,13,,,1,100,,2045,13,,,1,100,,2046,13,,,1,101,,2047,13,,,1,97,,2048,13,,,1,103,,2049,13,,,1,101,,2050,13,,,1,29,,2054,13,,,1,70,,2051,13,,,1,30,,2055,13,,,1,68,,2052,13,,,1,31,,2056,13,,,1,70,,2053,13,,,1
100003301,'Weekday-23',1626,,2182,17,0,10,1,18,,2189,17,0,10,1,60,,2187,17,0,10,1,22,,2186,17,0,10,1,20,,2188,17,0,10,1
100003301,'Weekday-24',1626,,2199,17,0,10,1,18,,2205,17,0,10,1,60,,2203,17,0,10,1,22,,2190,17,0,10,1,20,,2204,17,0,10,1
