20100,'Saturday-25',534,,1,4,0,5,1,100,,14,4,0,5,1,100,,2,4,0,5,1,100,,15,4,0,5,1,100,,3,4,0,5,1,100,,16,4,0,5,1,100,,4,4,0,5,1,100,,17,4,0,5,1,100,,5,4,0,5,1,100,,18,4,0,5,1,100,,6,4,0,5,1,100,,19,4,0,5,1,100,,7,4,0,5,1,100,,11,4,0,5,1,100,,8,4,0,5,1,100,,12,4,0,5,1,100,,9,4,0,5,1,100,,13,4,0,5,1,100,,10,4,0,5,1
20100,'Saturday-27',534,,20,4,0,5,1,100,,33,4,0,5,1,100,,21,4,0,5,1,100,,34,4,0,5,1,100,,22,4,0,5,1,100,,35,4,0,5,1,100,,23,4,0,5,1,100,,36,4,0,5,1,100,,24,4,0,5,1,100,,37,4,0,5,1,100,,25,4,0,5,1,100,,38,4,0,5,1,100,,26,4,0,5,1,100,,30,4,0,5,1,100,,27,4,0,5,1,100,,31,4,0,5,1,100,,28,4,0,5,1,100,,32,4,0,5,1,100,,29,4,0,5,1
20100,'Sunday-19',538,,45,4,0,5,1,100,,46,4,0,5,1,100,,39,4,0,5,1,100,,47,4,0,5,1,100,,40,4,0,5,1,100,,48,4,0,5,1,100,,41,4,0,5,1,100,,49,4,0,5,1,100,,42,4,0,5,1,100,,50,4,0,5,1,100,,43,4,0,5,1,100,,51,4,0,5,1,100,,44,4,0,5,1,100,,52,4,0,5,1
20100,'Weekday-23',523,,69,4,0,5,1,25,,75,4,0,5,1,60,,65,4,0,5,1,20,,84,4,0,5,1,20,,70,4,0,5,1,60,,78,4,,,1,20,,76,4,,,1,20,,66,4,,,1,60,,83,4,,,1,20,,82,4,,,1,80,,79,4,0,5,1,100,,77,4,0,5,1,100,,80,4,0,5,1,100,,53,4,,,1,100,,64,4,0,5,1,100,,81,4,0,5,1,100,,58,4,0,5,1,23,,56,4,0,5,1,77,,67,4,0,5,1,22,,54,4,,,1,18,,71,4,0,5,1,60,,68,4,,,1,20,,59,4,0,5,1,20,,74,4,0,5,1,60,,61,4,0,5,1,40,,57,4,0,5,1,101,,63,4,0,5,1,100,,72,4,0,5,1,100,,62,4,0,5,1,100,,73,4,0,5,1,100,,60,4,0,5,1
20100,'Weekday-24',523,,110,4,0,5,1,25,,115,4,0,5,1,60,,99,4,0,5,1,20,,101,4,0,5,1,20,,111,4,0,5,1,60,,105,4,,,1,20,,116,4,,,1,20,,100,4,,,1,60,,102,4,,,1,20,,118,4,,,1,80,,112,4,0,5,1,100,,117,4,0,5,1,100,,113,4,0,5,1,100,,107,4,,,1,100,,98,4,0,5,1,100,,114,4,0,5,1,100,,92,4,0,5,1,23,,88,4,0,5,1,77,,104,4,0,5,1,22,,108,4,,,1,18,,109,4,0,5,1,60,,106,4,,,1,20,,93,4,0,5,1,20,,86,4,0,5,1,60,,95,4,0,5,1,40,,89,4,0,5,1,101,,97,4,0,5,1,100,,90,4,0,5,1,100,,96,4,0,5,1,100,,91,4,0,5,1,100,,94,4,0,5,1
20100,'Weekday-28',534,,121,4,0,5,1,70,,123,4,0,5,1,30,,140,4,0,5,1,70,,120,4,,,1,30,,122,4,,,1,70,,141,4,0,5,1,30,,133,4,0,5,1,100,,125,4,,,1,100,,124,4,,,1,100,,142,4,,,1,100,,119,4,,,1,100,,144,4,,,1,100,,139,4,,,1,100,,131,4,,,1,70,,143,4,,,1,30,,138,4,,,1,70,,126,4,0,5,1,30,,132,4,0,5,1,70,,134,4,0,5,1,30,,128,4,0,5,1,100,,136,4,0,5,1,100,,129,4,0,5,1,100,,137,4,0,5,1,100,,127,4,0,5,1,100,,135,4,0,5,1
20300,'Weekday-23',609,,437,4,,,1,20,,441,4,,,1,20,,458,4,,,1,80,,457,4,,,1,20,,442,4,,,1,80,,446,4,,,1,80,,443,4,,,1,100,,435,4,,,1,100,,444,4,,,1,100,,445,4,,,1,100,,453,4,,,1,100,,434,4,,,1,100,,440,4,,,1,23,,438,4,,,1,77,,454,4,,,1,22,,455,4,,,1,18,,459,4,,,1,60,,456,4,,,1,20,,439,4,,,1,20,,436,4,,,1,60,,447,4,,,1,40,,448,4,,,1
20300,'Weekday-24',609,,466,4,,,1,20,,469,4,,,1,20,,474,4,,,1,80,,477,4,,,1,20,,470,4,,,1,80,,478,4,,,1,80,,471,4,,,1,100,,479,4,,,1,100,,472,4,,,1,100,,476,4,,,1,100,,482,4,,,1,100,,473,4,,,1,100,,480,4,,,1,23,,467,4,,,1,77,,483,4,,,1,22,,484,4,,,1,18,,475,4,,,1,60,,485,4,,,1,20,,468,4,,,1,20,,460,4,,,1,60,,481,4,,,1,40,,461,4,,,1
20300,'Weekday-28',604,,489,4,,,1,30,,490,4,,,1,70,,494,4,,,1,30,,488,4,,,1,70,,491,4,,,1,30,,495,4,,,1,100,,492,4,,,1,100,,496,4,,,1,100,,493,4,,,1,100,,500,4,,,1,100,,501,4,,,1,100,,497,4,,,1,100,,502,4,,,1,70,,498,4,,,1,30,,486,4,,,1,70,,503,4,,,1,30,,499,4,,,1,70,,487,4,,,1,30,,504,4,,,1
20400,'Weekday-23',710,,604,3,,,1,100,,600,3,,,1,98,,602,3,,,1
20400,'Weekday-24',710,,610,3,,,1,100,,609,3,,,1
