20201,'Weekday-23',731,,369,20,,,1,20,,357,20,,,1,80,,367,20,,,1,97,,370,20,,,1,100,,359,20,,,1,100,,371,20,,,1,100,,360,20,,,1,100,,372,20,,,1,100,,362,20,,,1,20,,373,20,,,1,80,,363,20,,,1,23,,355,20,,,1,60,,366,20,,,1,20,,361,20,,,1,20,,368,20,,,1,60,,358,20,,,1,20,,351,20,,,1,21,,353,20,,,1,61,,350,20,,,1,18,,352,20,,,1,19,,354,20,,,1,58,,365,20,,,1,33,,356,20,,,1,65,,364,20,,,1
20201,'Weekday-24',731,,393,20,,,1,20,,383,20,,,1,80,,390,20,,,1,97,,394,20,,,1,100,,385,20,,,1,100,,395,20,,,1,100,,386,20,,,1,100,,396,20,,,1,100,,388,20,,,1,20,,397,20,,,1,80,,389,20,,,1,23,,380,20,,,1,60,,374,20,,,1,20,,387,20,,,1,20,,392,20,,,1,60,,384,20,,,1,20,,376,20,,,1,21,,378,20,,,1,61,,375,20,,,1,18,,377,20,,,1,19,,379,20,,,1,58,,382,20,,,1,33,,381,20,,,1,65,,391,20,,,1
20201,'Weekday-28',723,,398,20,,,1,30,,402,20,,,1,70,,405,20,,,1,30,,399,20,,,1,70,,403,20,,,1,30,,406,20,,,1,100,,404,20,,,1,100,,411,20,,,1,100,,409,20,,,1,100,,412,20,,,1,100,,410,20,,,1,100,,413,20,,,1,70,,400,20,,,1,30,,407,20,,,1,70,,415,20,,,1,30,,401,20,,,1,70,,408,20,,,1,30,,414,20,,,1
100002100,'Weekday-23',1546,,1705,34,,,1,82,,1703,34,,,1,83,,1704,34,,,1,39,,1701,34,,,1,80,,1702,34,,,1
100002100,'Weekday-24',1546,,1706,34,,,1,82,,1707,34,,,1,83,,1708,34,,,1,39,,1709,34,,,1,80,,1710,34,,,1
100002100,'Weekday-28',723,,1711,17,,,1,30,,1712,17,,,1,70,,1713,17,,,1,700,,1714,17,,,1,100,,1715,17,,,1,30,,1716,17,,,1,70,,1717,17,,,1
100003100,'Saturday-25',605,,1778,29,,,1,100,,1779,29,,,1,100,,1780,29,,,1,100,,1781,29,,,1,100,,1786,29,,,1,100,,1782,29,,,1,100,,1787,29,,,1,100,,1783,29,,,1,100,,1788,29,,,1,100,,1784,29,,,1,100,,1789,29,,,1,100,,1785,29,,,1,100,,1790,29,,,1
100003100,'Saturday-27',605,,1791,29,,,1,100,,1792,29,,,1,100,,1793,29,,,1,100,,1794,29,,,1,100,,1799,29,,,1,100,,1795,29,,,1,100,,1800,29,,,1,100,,1796,29,,,1,100,,1801,29,,,1,100,,1797,29,,,1,100,,1802,29,,,1,100,,1798,29,,,1,100,,1803,29,,,1
100003100,'Weekday-23',726,,1812,29,,,1,119,,1814,29,,,1,96,,1805,29,,,1,100,,1806,29,,,1,100,,1807,29,,,1,100,,1808,29,,,1,100,,1809,29,,,1,100,,1810,29,,,1,61,,1815,29,,,1,37,,1811,29,,,1,66,,1813,29,,,1,242,,1804,29,,,1
100003100,'Weekday-24',726,,1824,29,,,1,119,,1826,29,,,1,96,,1817,29,,,1,100,,1818,29,,,1,100,,1819,29,,,1,100,,1820,29,,,1,100,,1821,29,,,1,100,,1822,29,,,1,61,,1816,29,,,1,37,,1823,29,,,1,66,,1825,29,,,1,242,,1827,29,,,1
100003100,'Weekday-28',706,,1838,29,,,1,31,,1829,29,,,1,69,,1839,29,,,1,30,,1828,29,,,1,69,,1835,29,,,1,100,,1836,29,,,1,100,,1837,29,,,1,100,,1834,29,,,1,100,,1832,29,,,1,100,,1840,29,,,1,100,,1841,29,,,1,101,,1842,29,,,1,30,,1830,29,,,1,72,,1843,29,,,1,28,,1831,29,,,1,70,,1833,29,,,1
100003200,'Saturday-25',608,,1928,17,,,1,100,,1920,32,,,1,100,,1921,32,,,1,100,,1922,32,,,1,100,,1923,32,,,1,100,,1916,32,,,1,100,,1917,32,,,1,100,,1924,32,,,1,100,,1925,32,,,1,100,,1918,32,,,1,100,,1919,32,,,1,100,,1926,32,,,1,100,,1927,32,,,1
100003200,'Saturday-27',608,,1941,17,,,1,100,,1933,32,,,1,100,,1934,32,,,1,100,,1935,32,,,1,100,,1936,32,,,1,100,,1929,32,,,1,100,,1930,32,,,1,100,,1937,32,,,1,100,,1938,32,,,1,100,,1931,32,,,1,100,,1932,32,,,1,100,,1939,32,,,1,100,,1940,32,,,1
100003200,'Weekday-23',731,,1947,32,,,1,27,,1944,32,,,1,91,,1949,32,,,1,99,,1942,32,,,1,100,,1950,32,,,1,100,,1948,32,,,1,100,,1954,32,,,1,100,,1952,32,,,1,103,,1951,32,,,1,58,,1953,32,,,1,41,,1943,32,,,1,61,,1946,32,,,1,47,,1945,32,,,1
100003200,'Weekday-24',731,,1958,32,,,1,27,,1955,32,,,1,91,,1960,32,,,1,99,,1964,32,,,1,100,,1961,32,,,1,100,,1959,32,,,1,100,,1967,32,,,1,100,,1963,32,,,1,103,,1962,32,,,1,58,,1966,32,,,1,41,,1965,32,,,1,61,,1957,32,,,1,47,,1956,32,,,1
100003200,'Weekday-28',554,,1984,17,,,1,154,,1982,32,,,1,31,,1980,32,,,1,70,,1983,32,,,1,30,,1981,32,,,1,71,,1968,32,,,1,100,,1969,32,,,1,100,,1970,32,,,1,99,,1971,32,,,1,100,,1972,32,,,1,101,,1973,32,,,1,100,,1974,32,,,1,100,,1975,32,,,1,30,,1978,32,,,1,70,,1976,32,,,1,28,,1979,32,,,1,70,,1977,32,,,1
