100000900,'Weekday-23',711,,1341,15,,,1,23,,1340,15,,,1,880,,1346,15,,,1,20,,1344,15,,,1,21,,1338,15,,,1,59,,1347,15,,,1,20,,1345,15,,,1,21,,1339,15,,,1,61,,1343,15,,,1,20,,1342,15,,,1
100000900,'Weekday-29',711,,3439,15,,,1,23,,3438,15,,,1,880,,3444,15,,,1,20,,3442,15,,,1,21,,3436,15,,,1,59,,3445,15,,,1,20,,3443,15,,,1,21,,3437,15,,,1,61,,3441,15,,,1,20,,3440,15,,,1
100000900,'Weekday-32',711,,3455,15,,,1,23,,3448,15,,,1,880,,3453,15,,,1,20,,3451,15,,,1,21,,3446,15,,,1,59,,3454,15,,,1,20,,3452,15,,,1,21,,3447,15,,,1,61,,3450,15,,,1,20,,3449,15,,,1
100000900,'Weekday-33',1625,,3458,15,,,1,30,,3456,15,,,1,70,,3459,15,,,1,30,,3457,15,,,1
100003300,'Saturday-27',652,,2081,15,,,1,100,,2082,15,,,1,100,,2083,15,,,1,100,,2076,15,,,1,100,,2087,15,,,1,100,,2077,15,,,1,100,,2084,15,,,1,100,,2078,15,,,1,100,,2088,15,,,1,100,,2079,15,,,1,100,,2085,15,,,1,100,,2080,15,,,1
100003300,'Saturday-30',652,,4104,15,,,1,100,,4105,15,,,1,100,,4106,15,,,1,100,,4099,15,,,1,100,,4110,15,,,1,100,,4100,15,,,1,100,,4107,15,,,1,100,,4101,15,,,1,100,,4111,15,,,1,100,,4102,15,,,1,100,,4108,15,,,1,100,,4103,15,,,1
100003300,'Weekday-23',704,,2103,15,,,1,43,,2102,15,,,1,85,,2092,15,,,1,100,,2093,15,,,1,100,,2094,15,,,1,101,,2095,15,,,1,98,,2096,15,,,1,100,,2097,15,,,1,100,,2098,15,,,1,20,,2104,15,,,1,78,,2089,15,,,1,26,,2100,15,,,1
100003300,'Weekday-29',704,,4126,15,,,1,43,,4125,15,,,1,85,,4115,15,,,1,100,,4116,15,,,1,100,,4117,15,,,1,101,,4118,15,,,1,98,,4119,15,,,1,100,,4120,15,,,1,100,,4121,15,,,1,20,,4127,15,,,1,78,,4112,15,,,1,26,,4123,15,,,1
100003300,'Weekday-32',704,,4147,15,,,1,43,,4146,15,,,1,85,,4136,15,,,1,100,,4137,15,,,1,100,,4138,15,,,1,101,,4139,15,,,1,98,,4140,15,,,1,100,,4141,15,,,1,100,,4142,15,,,1,20,,4148,15,,,1,78,,4134,15,,,1,26,,4144,15,,,1
100003300,'Weekday-33',654,,4165,15,,,1,71,,4164,15,,,1,75,,4166,15,,,1,24,,4170,15,,,1,31,,4156,15,,,1,100,,4158,15,,,1,100,,4157,15,,,1,101,,4159,15,,,1,98,,4160,15,,,1,100,,4161,15,,,1,100,,4162,15,,,1,102,,4163,15,,,1
