20100,'Weekday-23',751,,78,23,,,1,55,,76,23,,,1,23,,66,23,,,1,20,,83,23,,,1,55,,82,23,,,1,343,,53,23,,,1,462,,54,23,,,1,42,,68,23,,,1
20100,'Weekday-29',751,,2290,23,,,1,55,,2288,23,,,1,23,,2297,23,,,1,20,,2300,23,,,1,55,,2299,23,,,1,343,,2294,23,,,1,462,,2295,23,,,1,42,,2298,23,,,1
20100,'Weekday-32',751,,2323,23,,,1,55,,2302,23,,,1,23,,2318,23,,,1,20,,2320,23,,,1,55,,2333,23,,,1,343,,2325,23,,,1,462,,2326,23,,,1,42,,2324,23,,,1
20100,'Weekday-33',739,,2350,23,,,1,73,,2352,23,,,1,200,,2359,23,,,1,100,,2354,23,,,1,99,,2358,23,,,1,100,,2349,23,,,1,100,,2348,23,,,1,101,,2346,23,,,1,102,,2355,23,,,1,30,,2347,23,,,1,71,,2345,23,,,1
20101,'Holiday1-91',608,,2360,4,,,1,100,,2367,4,,,1,100,,2361,4,,,1,100,,2368,4,,,1,100,,2362,4,,,1,100,,2369,4,,,1,100,,2363,4,,,1,100,,2370,4,,,1,100,,2364,4,,,1,100,,2371,4,,,1,100,,2365,4,,,1,100,,2372,4,,,1,100,,2366,4,,,1,100,,2373,4,,,1
20101,'Saturday-27',608,,164,4,,,1,100,,174,4,,,1,100,,165,4,,,1,100,,175,4,,,1,100,,166,4,,,1,100,,176,4,,,1,100,,167,4,,,1,100,,177,4,,,1,100,,168,4,,,1,100,,178,4,,,1,100,,169,4,,,1,100,,179,4,,,1,100,,170,4,,,1,100,,180,4,,,1,100,,171,4,,,1,100,,181,4,,,1,100,,172,4,,,1,100,,182,4,,,1,100,,173,4,,,1
20101,'Saturday-30',608,,2374,4,,,1,100,,2384,4,,,1,100,,2375,4,,,1,100,,2385,4,,,1,100,,2376,4,,,1,100,,2386,4,,,1,100,,2377,4,,,1,100,,2387,4,,,1,100,,2378,4,,,1,100,,2388,4,,,1,100,,2379,4,,,1,100,,2389,4,,,1,100,,2380,4,,,1,100,,2390,4,,,1,100,,2381,4,,,1,100,,2391,4,,,1,100,,2382,4,,,1,100,,2392,4,,,1,100,,2383,4,,,1
20101,'Sunday-19',608,,183,4,,,1,100,,190,4,,,1,100,,184,4,,,1,100,,191,4,,,1,100,,185,4,,,1,100,,192,4,,,1,100,,186,4,,,1,100,,193,4,,,1,100,,187,4,,,1,100,,194,4,,,1,100,,188,4,,,1,100,,195,4,,,1,100,,189,4,,,1,100,,196,4,,,1
20101,'Sunday-31',608,,2393,4,,,1,100,,2400,4,,,1,100,,2394,4,,,1,100,,2401,4,,,1,100,,2395,4,,,1,100,,2402,4,,,1,100,,2396,4,,,1,100,,2403,4,,,1,100,,2397,4,,,1,100,,2404,4,,,1,100,,2398,4,,,1,100,,2405,4,,,1,100,,2399,4,,,1,100,,2406,4,,,1
20101,'Weekday-23',553,,211,4,,,1,70,,217,4,,,1,21,,208,4,,,1,60,,226,4,,,1,23,,212,4,,,1,118,,219,4,,,1,102,,220,4,,,1,100,,218,4,,,1,100,,221,4,,,1,93,,223,4,,,1,99,,197,4,,,1,10,,207,4,,,1,93,,224,4,,,1,14,,222,4,,,1,56,,199,4,,,1,18,,227,4,,,1,24,,201,4,,,1,56,,225,4,,,1,24,,209,4,,,1,21,,210,4,,,1,76,,213,4,,,1,12,,198,4,,,1,66,,202,4,,,1,24,,216,4,,,1,20,,205,4,,,1,70,,200,4,,,1,100,,206,4,,,1,100,,214,4,,,1,100,,203,4,,,1,100,,215,4,,,1,100,,204,4,,,1
20101,'Weekday-29',553,,2418,4,,,1,70,,2429,4,,,1,21,,2437,4,,,1,60,,2428,4,,,1,23,,2419,4,,,1,118,,2431,4,,,1,102,,2432,4,,,1,100,,2430,4,,,1,100,,2433,4,,,1,93,,2421,4,,,1,99,,2435,4,,,1,10,,2415,4,,,1,93,,2422,4,,,1,14,,2434,4,,,1,56,,2407,4,,,1,18,,2424,4,,,1,24,,2409,4,,,1,56,,2423,4,,,1,24,,2416,4,,,1,21,,2417,4,,,1,76,,2425,4,,,1,12,,2436,4,,,1,66,,2410,4,,,1,24,,2420,4,,,1,20,,2413,4,,,1,70,,2408,4,,,1,100,,2414,4,,,1,100,,2426,4,,,1,100,,2411,4,,,1,100,,2427,4,,,1,100,,2412,4,,,1
20101,'Weekday-32',553,,2461,4,,,1,70,,2438,4,,,1,21,,2453,4,,,1,60,,2454,4,,,1,23,,2463,4,,,1,118,,2440,4,,,1,102,,2462,4,,,1,100,,2439,4,,,1,100,,2464,4,,,1,93,,2466,4,,,1,99,,2457,4,,,1,10,,2452,4,,,1,93,,2467,4,,,1,14,,2465,4,,,1,56,,2442,4,,,1,18,,2455,4,,,1,24,,2446,4,,,1,56,,2468,4,,,1,24,,2459,4,,,1,21,,2456,4,,,1,76,,2460,4,,,1,12,,2458,4,,,1,66,,2447,4,,,1,24,,2441,4,,,1,20,,2450,4,,,1,70,,2443,4,,,1,100,,2451,4,,,1,100,,2444,4,,,1,100,,2448,4,,,1,100,,2445,4,,,1,100,,2449,4,,,1
20101,'Weekday-33',608,,2486,4,,,1,30,,2487,4,,,1,72,,2475,4,,,1,27,,2489,4,,,1,71,,2485,4,,,1,38,,2476,4,,,1,64,,2491,4,,,1,98,,2474,4,,,1,100,,2494,4,,,1,100,,2488,4,,,1,100,,2493,4,,,1,100,,2484,4,,,1,100,,2482,4,,,1,29,,2481,4,,,1,65,,2469,4,,,1,39,,2490,4,,,1,70,,2483,4,,,1,34,,2470,4,,,1,70,,2492,4,,,1,34,,2477,4,,,1,59,,2471,4,,,1,100,,2478,4,,,1,100,,2472,4,,,1,100,,2479,4,,,1,100,,2473,4,,,1,100,,2480,4,,,1
21100,'Weekday-23',710,,767,10,,,1,19,,768,10,,,1,25,,766,10,,,1
21100,'Weekday-29',710,,2941,10,,,1,19,,2942,10,,,1,25,,2940,10,,,1
21100,'Weekday-32',710,,2944,10,,,1,19,,2945,10,,,1,25,,2943,10,,,1
21101,'Weekday-23',1533,,776,6,,,1,75,,775,6,,,1,20,,772,6,,,1,14,,773,6,,,1,66,,774,6,,,1
21101,'Weekday-29',1533,,2950,6,,,1,75,,2949,6,,,1,20,,2946,6,,,1,14,,2947,6,,,1,66,,2948,6,,,1
21101,'Weekday-32',1533,,2953,6,,,1,75,,2951,6,,,1,20,,2954,6,,,1,14,,2955,6,,,1,66,,2952,6,,,1
