20100,'Saturday-4',605,,4235,20,4,,1,100,,4248,20,4,,1,100,,4236,20,4,,1,100,,4249,20,4,,1,100,,4237,20,4,,1,100,,4250,20,4,,1,100,,4238,20,4,,1,100,,4251,20,4,,1,100,,4239,20,4,,1,100,,4252,20,4,,1,100,,4240,20,4,,1,100,,4253,20,4,,1,100,,4241,20,4,,1,100,,4245,20,4,,1,100,,4242,20,4,,1,100,,4246,20,4,,1,100,,4243,20,4,,1,100,,4247,20,4,,1,100,,4244,20,4,,1
20100,'Sunday-3',605,,4260,20,4,,1,100,,4261,20,4,,1,100,,4254,20,4,,1,100,,4262,20,4,,1,100,,4255,20,4,,1,100,,4263,20,4,,1,100,,4256,20,4,,1,100,,4264,20,4,,1,100,,4257,20,4,,1,100,,4265,20,4,,1,100,,4258,20,4,,1,100,,4266,20,4,,1,100,,4259,20,4,,1,100,,4267,20,4,,1
20100,'Sunday-93',605,,4274,20,4,,1,100,,4275,20,4,,1,100,,4268,20,4,,1,100,,4276,20,4,,1,100,,4269,20,4,,1,100,,4277,20,4,,1,100,,4270,20,4,,1,100,,4278,20,4,,1,100,,4271,20,4,,1,100,,4279,20,4,,1,100,,4272,20,4,,1,100,,4280,20,4,,1,100,,4273,20,4,,1,100,,4281,20,4,,1
20100,'Weekday-1',551,,4297,20,4,,1,70,,4299,20,4,,1,20,,4287,20,4,,1,60,,4292,20,4,,1,20,,4298,20,4,,1,30,,4282,20,,,1,64,,4300,20,,,1,20,,4302,20,4,,1,20,,4288,20,,,1,50,,4307,20,,,1,40,,4294,20,,,1,100,,4303,20,,,1,100,,4306,20,,,1,100,,4293,20,,,1,100,,4310,20,4,,1,107,,4304,20,4,,1,57,,4286,5,4,,1,18,,4309,5,4,,1,25,,4295,20,4,,1,66,,4291,20,4,,1,35,,4305,20,4,,1,54,,4301,20,,,1,22,,4296,20,4,,1,20,,4308,20,,,1,58,,4285,20,4,,1,24,,4283,20,4,,1,20,,4312,20,4,,1,70,,4284,20,4,,1,100,,4314,20,4,,1,100,,4289,20,4,,1,100,,4313,20,4,,1,100,,4290,20,4,,1,100,,4311,20,4,,1
20101,'Saturday-4',605,,4334,1,,,1,100,,4344,1,,,1,100,,4335,1,,,1,100,,4345,1,,,1,100,,4336,1,,,1,100,,4346,1,,,1,100,,4337,1,,,1,100,,4347,1,,,1,100,,4338,1,,,1,100,,4348,1,,,1,100,,4339,1,,,1,100,,4349,1,,,1,100,,4340,1,,,1,100,,4350,1,,,1,100,,4341,1,,,1,100,,4351,1,,,1,100,,4342,1,,,1,100,,4352,1,,,1,100,,4343,1,,,1
20101,'Sunday-3',605,,4353,1,,,1,100,,4360,1,,,1,100,,4354,1,,,1,100,,4361,1,,,1,100,,4355,1,,,1,100,,4362,1,,,1,100,,4356,1,,,1,100,,4363,1,,,1,100,,4357,1,,,1,100,,4364,1,,,1,100,,4358,1,,,1,100,,4365,1,,,1,100,,4359,1,,,1,100,,4366,1,,,1
20101,'Sunday-93',605,,4367,1,,,1,100,,4374,1,,,1,100,,4368,1,,,1,100,,4375,1,,,1,100,,4369,1,,,1,100,,4376,1,,,1,100,,4370,1,,,1,100,,4377,1,,,1,100,,4371,1,,,1,100,,4378,1,,,1,100,,4372,1,,,1,100,,4379,1,,,1,100,,4373,1,,,1,100,,4380,1,,,1
20101,'Weekday-1',551,,4394,1,,,1,70,,4396,1,,,1,20,,4386,1,,,1,60,,4389,1,,,1,24,,4395,1,,,1,110,,4401,1,,,1,108,,4403,1,,,1,100,,4391,1,,,1,100,,4398,1,,,1,95,,4404,1,,,1,99,,4390,1,,,1,10,,4406,1,,,1,93,,4383,1,,,1,14,,4399,1,,,1,55,,4384,1,,,1,18,,4405,1,,,1,25,,4392,1,,,1,56,,4407,1,,,1,23,,4402,1,,,1,22,,4400,1,,,1,76,,4393,1,,,1,12,,4397,1,,,1,66,,4385,1,,,1,24,,4381,1,,,1,20,,4410,1,,,1,70,,4382,1,,,1,100,,4411,1,,,1,100,,4387,1,,,1,100,,4408,1,,,1,100,,4388,1,,,1,100,,4409,1,,,1
21100,'Weekday-1',704,,4607,5,,,1,19,,4609,5,,,1,25,,4608,5,,,1
21101,'Weekday-1',1522,,4614,1,,,1,80,,4613,1,,,1,20,,4612,1,,,1,14,,4610,1,,,1,66,,4611,1,,,1
