100000901,'Weekday-23',559,,1373,16,,,1,60,,1372,16,,,1,20,,1365,16,,,1,20,,1367,16,,,1,60,,1368,16,,,1,20,,1366,16,,,1,20,,1363,16,,,1,60,,1364,16,,,1,820,,1370,16,,,1,20,,1369,16,,,1,60,,1362,16,,,1,20,,1371,16,,,1
100000901,'Weekday-29',559,,3471,16,,,1,60,,3470,16,,,1,20,,3463,16,,,1,20,,3465,16,,,1,60,,3466,16,,,1,20,,3464,16,,,1,20,,3461,16,,,1,60,,3462,16,,,1,820,,3468,16,,,1,20,,3467,16,,,1,60,,3460,16,,,1,20,,3469,16,,,1
100000901,'Weekday-32',559,,3480,16,,,1,60,,3481,16,,,1,20,,3482,16,,,1,20,,3475,16,,,1,60,,3476,16,,,1,20,,3483,16,,,1,20,,3473,16,,,1,60,,3474,16,,,1,820,,3478,16,,,1,20,,3477,16,,,1,60,,3472,16,,,1,20,,3479,16,,,1
100000901,'Weekday-33',555,,3492,16,,,1,70,,3487,16,,,1,30,,3484,16,,,1,70,,3488,16,,,1,30,,3491,16,,,1,900,,3489,16,,,1,70,,3485,16,,,1,30,,3490,16,,,1,70,,3486,16,,,1
100003301,'Saturday-27',624,,2165,17,,,1,100,,2166,17,,,1,100,,2167,17,,,1,100,,2168,17,,,1,100,,2169,17,,,1,100,,2161,17,,,1,100,,2162,17,,,1,100,,2170,17,,,1,100,,2171,17,,,1,100,,2163,17,,,1,100,,2164,17,,,1,100,,2172,17,,,1,100,,2173,17,,,1
100003301,'Saturday-30',624,,4175,17,,,1,100,,4176,17,,,1,100,,4177,17,,,1,100,,4178,17,,,1,100,,4179,17,,,1,100,,4171,17,,,1,100,,4172,17,,,1,100,,4180,17,,,1,100,,4181,17,,,1,100,,4173,17,,,1,100,,4174,17,,,1,100,,4182,17,,,1,100,,4183,17,,,1
100003301,'Weekday-23',902,,2175,17,,,1,99,,2176,17,,,1,101,,2177,17,,,1,101,,2178,17,,,1,98,,2179,17,,,1,99,,2180,17,,,1,100,,2181,17,,,1,15,,2184,17,,,1,86,,2174,17,,,1
100003301,'Weekday-29',902,,4185,17,,,1,99,,4186,17,,,1,101,,4187,17,,,1,101,,4188,17,,,1,98,,4189,17,,,1,99,,4190,17,,,1,100,,4191,17,,,1,15,,4194,17,,,1,86,,4184,17,,,1
100003301,'Weekday-32',902,,4201,17,,,1,99,,4202,17,,,1,101,,4203,17,,,1,101,,4204,17,,,1,98,,4205,17,,,1,99,,4206,17,,,1,100,,4207,17,,,1,15,,4210,17,,,1,86,,4200,17,,,1
100003301,'Weekday-33',826,,4216,17,,,1,31,,4227,17,,,1,70,,4217,17,,,1,99,,4218,17,,,1,101,,4219,17,,,1,101,,4220,17,,,1,98,,4221,17,,,1,99,,4222,17,,,1,100,,4223,17,,,1,31,,4225,17,,,1,69,,4224,17,,,1
