100001201,'Weekday-17',630,,959,,,1,80,,960,,,1,22,,961,,,1,20,,962,,,1,54,,958,,,1
100001201,'Weekday-23',630,,2721,,,1,80,,2722,,,1,22,,2719,,,1,20,,2720,,,1,54,,2718,,,1
100001201,'Weekday-24',630,,2725,,,1,80,,2726,,,1,22,,2724,,,1,20,,2727,,,1,54,,2723,,,1
100001300,'Weekday-17',1604,,969,,,1,20,,970,,,1,20,,975,,,1,60,,971,,,1,20,,974,,,1,21,,972,,,1,61,,968,,,1,20,,973,,,1
100001300,'Weekday-23',1604,,2729,,,1,20,,2730,,,1,20,,2735,,,1,60,,2731,,,1,20,,2734,,,1,21,,2732,,,1,61,,2728,,,1,20,,2733,,,1
100001300,'Weekday-24',1604,,2737,,,1,20,,2738,,,1,20,,2743,,,1,60,,2739,,,1,20,,2742,,,1,21,,2740,,,1,61,,2736,,,1,20,,2741,,,1
100003200,'Saturday-18',645,,1320,,,1,100,,1321,,,1,100,,1322,,,1,100,,1323,,,1,100,,1316,,,1,100,,1317,,,1,100,,1324,,,1,100,,1325,,,1,100,,1318,,,1,100,,1319,,,1,100,,1326,,,1,100,,1327,,,1
100003200,'Saturday-25',645,,3157,,,1,100,,3158,,,1,100,,3159,,,1,100,,3160,,,1,100,,3153,,,1,100,,3154,,,1,100,,3161,,,1,100,,3162,,,1,100,,3155,,,1,100,,3156,,,1,100,,3163,,,1,100,,3164,,,1
100003200,'Weekday-17',659,,1334,,,1,67,,1331,,,1,97,,1336,,,1,99,,1329,,,1,100,,1337,,,1,100,,1335,,,1,100,,1338,,,1,100,,1340,,,1,100,,1339,,,1,20,,1341,,,1,77,,1330,,,1,25,,1333,,,1,87,,1332,,,1
100003200,'Weekday-23',659,,3171,,,1,67,,3168,,,1,97,,3173,,,1,99,,3166,,,1,100,,3174,,,1,100,,3172,,,1,100,,3178,,,1,100,,3176,,,1,100,,3175,,,1,20,,3177,,,1,77,,3167,,,1,25,,3170,,,1,87,,3169,,,1
100003200,'Weekday-24',659,,3182,,,1,67,,3179,,,1,97,,3184,,,1,99,,3188,,,1,100,,3185,,,1,100,,3183,,,1,100,,3191,,,1,100,,3187,,,1,100,,3186,,,1,20,,3190,,,1,77,,3189,,,1,25,,3181,,,1,87,,3180,,,1
100003200,'Weekday-26',645,,3206,,,1,70,,3204,,,1,30,,3207,,,1,70,,3205,,,1,30,,3192,,,1,100,,3193,,,1,100,,3194,,,1,100,,3195,,,1,100,,3196,,,1,100,,3197,,,1,100,,3198,,,1,100,,3199,,,1,70,,3202,,,1,30,,3200,,,1,70,,3203,,,1,30,,3201,,,1
