100000501,'Saturday-25',607,,936,9,,,1,100,,931,14,,,1,100,,924,14,,,1,100,,932,14,,,1,100,,925,14,,,1,100,,933,14,,,1,100,,926,14,,,1,100,,929,14,,,1,100,,934,14,,,1,100,,927,14,,,1,100,,930,14,,,1,100,,935,14,,,1,100,,928,14,,,1
100000501,'Saturday-27',607,,949,9,,,1,100,,944,14,,,1,100,,937,14,,,1,100,,945,14,,,1,100,,938,14,,,1,100,,946,14,,,1,100,,939,14,,,1,100,,942,14,,,1,100,,947,14,,,1,100,,940,14,,,1,100,,943,14,,,1,100,,948,14,,,1,100,,941,14,,,1
100000501,'Weekday-23',522,,958,9,,,1,20,,962,9,,,1,60,,964,9,,,1,20,,953,9,,,1,20,,956,9,,,1,62,,952,14,,,1,18,,957,14,,,1,20,,963,14,,,1,63,,973,14,,,1,40,,951,14,,,1,99,,971,14,,,1,100,,965,14,,,1,100,,950,14,,,1,100,,974,14,,,1,100,,967,14,,,1,99,,966,14,,,1,65,,968,14,,,1,37,,969,14,,,1,62,,959,14,,,1,18,,960,14,,,1,20,,975,14,,,1,60,,961,14,,,1,19,,970,14,,,1,20,,954,14,,,1,61,,972,14,,,1,20,,955,14,,,1
100000501,'Weekday-24',522,,982,9,,,1,20,,986,9,,,1,60,,988,9,,,1,20,,977,9,,,1,20,,980,9,,,1,62,,976,14,,,1,18,,981,14,,,1,20,,987,14,,,1,63,,999,14,,,1,40,,997,14,,,1,99,,998,14,,,1,100,,989,14,,,1,100,,992,14,,,1,100,,1000,14,,,1,100,,991,14,,,1,99,,990,14,,,1,65,,993,14,,,1,37,,994,14,,,1,62,,983,14,,,1,18,,984,14,,,1,20,,1001,14,,,1,60,,985,14,,,1,19,,995,14,,,1,20,,978,14,,,1,61,,996,14,,,1,20,,979,14,,,1
100000501,'Weekday-28',534,,1002,9,,,1,70,,1003,9,,,1,30,,1010,9,,,1,72,,1011,14,,,1,28,,1012,14,,,1,73,,1013,14,,,1,30,,1014,14,,,1,69,,1015,14,,,1,100,,1016,14,,,1,100,,1004,14,,,1,100,,1005,14,,,1,100,,1017,14,,,1,100,,1020,14,,,1,101,,1009,14,,,1,29,,1018,9,,,1,71,,1019,14,,,1,100,,1006,14,,,1,29,,1007,14,,,1,71,,1008,14,,,1
100000601,'Saturday-25',631,,1114,16,,,1,100,,1115,16,,,1,100,,1116,16,,,1,100,,1117,16,,,1,100,,1118,16,,,1,100,,1119,16,,,1,100,,1120,16,,,1,100,,1121,16,,,1,100,,1122,16,,,1,100,,1123,16,,,1,100,,1124,16,,,1,100,,1125,16,,,1,100,,1126,16,,,1
100000601,'Saturday-27',631,,1127,16,,,1,100,,1128,16,,,1,100,,1129,16,,,1,100,,1130,16,,,1,100,,1131,16,,,1,100,,1132,16,,,1,100,,1133,16,,,1,100,,1134,16,,,1,100,,1135,16,,,1,100,,1136,16,,,1,100,,1137,16,,,1,100,,1138,16,,,1,100,,1139,16,,,1
100000601,'Weekday-23',811,,1151,16,,,1,40,,1146,16,,,1,100,,1142,16,,,1,100,,1157,16,,,1,100,,1147,16,,,1,102,,1156,16,,,1,100,,1145,16,,,1,100,,1148,16,,,1,62,,1152,16,,,1,36,,1150,16,,,1,62,,1155,16,,,1,18,,1144,16,,,1,20,,1141,16,,,1,60,,1149,16,,,1,21,,1154,16,,,1,20,,1143,16,,,1,61,,1153,16,,,1,21,,1140,16,,,1
100000601,'Weekday-24',811,,1172,16,,,1,40,,1167,16,,,1,100,,1163,16,,,1,100,,1175,16,,,1,100,,1168,16,,,1,102,,1174,16,,,1,100,,1166,16,,,1,100,,1169,16,,,1,62,,1173,16,,,1,36,,1171,16,,,1,62,,1160,16,,,1,18,,1165,16,,,1,20,,1162,16,,,1,60,,1170,16,,,1,21,,1159,16,,,1,20,,1164,16,,,1,61,,1158,16,,,1,21,,1161,16,,,1
100000601,'Weekday-28',713,,1189,16,,,1,30,,1186,16,,,1,70,,1190,16,,,1,30,,1187,16,,,1,70,,1176,16,,,1,100,,1188,16,,,1,100,,1191,16,,,1,100,,1185,16,,,1,100,,1181,16,,,1,100,,1184,16,,,1,100,,1179,16,,,1,100,,1180,16,,,1,30,,1183,16,,,1,70,,1178,16,,,1,30,,1182,16,,,1,70,,1177,16,,,1
