100000600,'Saturday-27',548,,1034,1,,,1,100,,1035,1,,,1,100,,1036,1,,,1,100,,1037,1,,,1,100,,1038,1,,,1,100,,1039,1,,,1,100,,1040,1,,,1,100,,1041,1,,,1,100,,1042,1,,,1,100,,1043,1,,,1,100,,1044,1,,,1,100,,1045,1,,,1,100,,1046,1,,,1
100000600,'Saturday-30',548,,3170,1,,,1,100,,3171,1,,,1,100,,3172,1,,,1,100,,3173,1,,,1,100,,3174,1,,,1,100,,3175,1,,,1,100,,3176,1,,,1,100,,3177,1,,,1,100,,3178,1,,,1,100,,3179,1,,,1,100,,3180,1,,,1,100,,3181,1,,,1,100,,3182,1,,,1
100000600,'Weekday-23',538,,1055,1,,,1,20,,1052,1,,,1,60,,1056,1,,,1,20,,1051,1,,,1,20,,1048,1,,,1,60,,1058,1,,,1,18,,1047,1,,,1,20,,1061,1,,,1,80,,1065,1,,,1,100,,1059,1,,,1,100,,1050,1,,,1,100,,1070,1,,,1,100,,1060,1,,,1,100,,1068,1,,,1,100,,1057,1,,,1,20,,1062,1,,,1,80,,1066,1,,,1,20,,1069,1,,,1,60,,1063,1,,,1,20,,1067,1,,,1,20,,1053,1,,,1,60,,1049,1,,,1,20,,1064,1,,,1,80,,1054,1,,,1
100000600,'Weekday-29',538,,3191,1,,,1,20,,3188,1,,,1,60,,3192,1,,,1,20,,3187,1,,,1,20,,3184,1,,,1,60,,3194,1,,,1,18,,3183,1,,,1,20,,3197,1,,,1,80,,3201,1,,,1,100,,3195,1,,,1,100,,3186,1,,,1,100,,3205,1,,,1,100,,3196,1,,,1,100,,3206,1,,,1,100,,3193,1,,,1,20,,3198,1,,,1,80,,3204,1,,,1,20,,3203,1,,,1,60,,3199,1,,,1,20,,3202,1,,,1,20,,3189,1,,,1,60,,3185,1,,,1,20,,3200,1,,,1,80,,3190,1,,,1
100000600,'Weekday-32',538,,3216,1,,,1,20,,3213,1,,,1,60,,3217,1,,,1,20,,3212,1,,,1,20,,3209,1,,,1,60,,3218,1,,,1,18,,3208,1,,,1,20,,3221,1,,,1,80,,3222,1,,,1,100,,3219,1,,,1,100,,3211,1,,,1,100,,3224,1,,,1,100,,3220,1,,,1,100,,3229,1,,,1,100,,3225,1,,,1,20,,3226,1,,,1,80,,3223,1,,,1,20,,3230,1,,,1,60,,3227,1,,,1,20,,3207,1,,,1,20,,3214,1,,,1,60,,3210,1,,,1,20,,3228,1,,,1,80,,3215,1,,,1
100000600,'Weekday-33',532,,3245,1,,,1,70,,3246,1,,,1,30,,3243,1,,,1,70,,3239,1,,,1,30,,3244,1,,,1,70,,3240,1,,,1,100,,3241,1,,,1,100,,3248,1,,,1,100,,3242,1,,,1,100,,3249,1,,,1,100,,3237,1,,,1,100,,3247,1,,,1,100,,3238,1,,,1,30,,3233,1,,,1,70,,3234,1,,,1,30,,3231,1,,,1,70,,3235,1,,,1,30,,3232,1,,,1,70,,3236,1,,,1
100000601,'Saturday-27',644,,1127,26,4,,1,100,,1128,26,4,,1,100,,1129,26,4,,1,100,,1130,26,4,,1,100,,1131,26,4,,1,100,,1132,26,4,,1,100,,1133,26,4,,1,100,,1134,26,4,,1,100,,1135,26,4,,1,100,,1136,26,4,,1,100,,1137,26,4,,1,100,,1138,26,4,,1,100,,1139,26,4,,1
100000601,'Saturday-30',644,,3250,26,4,,1,100,,3251,26,4,,1,100,,3252,26,4,,1,100,,3253,26,4,,1,100,,3254,26,4,,1,100,,3255,26,4,,1,100,,3256,26,4,,1,100,,3257,26,4,,1,100,,3258,26,4,,1,100,,3259,26,4,,1,100,,3260,26,4,,1,100,,3261,26,4,,1,100,,3262,26,4,,1
100000601,'Weekday-23',819,,1151,26,4,,1,40,,1146,26,4,,1,100,,1142,26,4,,1,100,,1157,26,4,,1,100,,1147,26,4,,1,142,,1156,26,4,,1,100,,1145,26,4,,1,100,,1148,26,4,,1,22,,1152,26,4,,1,36,,1150,26,4,,1,62,,1155,26,4,,1,18,,1144,26,4,,1,20,,1141,26,4,,1,60,,1149,26,4,,1,21,,1154,26,4,,1,60,,1143,26,4,,1,21,,1153,26,4,,1,21,,1140,26,4,,1
100000601,'Weekday-29',819,,3274,26,4,,1,40,,3269,26,4,,1,100,,3265,26,4,,1,100,,3279,26,4,,1,100,,3270,26,4,,1,142,,3280,26,4,,1,100,,3268,26,4,,1,100,,3271,26,4,,1,22,,3278,26,4,,1,36,,3273,26,4,,1,62,,3277,26,4,,1,18,,3267,26,4,,1,20,,3264,26,4,,1,60,,3272,26,4,,1,21,,3276,26,4,,1,60,,3266,26,4,,1,21,,3275,26,4,,1,21,,3263,26,4,,1
100000601,'Weekday-32',819,,3292,26,4,,1,40,,3289,26,4,,1,100,,3286,26,4,,1,100,,3294,26,4,,1,100,,3290,26,4,,1,142,,3298,26,4,,1,100,,3295,26,4,,1,100,,3291,26,4,,1,22,,3293,26,4,,1,36,,3297,26,4,,1,62,,3283,26,4,,1,18,,3288,26,4,,1,20,,3285,26,4,,1,60,,3296,26,4,,1,21,,3282,26,4,,1,60,,3287,26,4,,1,21,,3281,26,4,,1,21,,3284,26,4,,1
100000601,'Weekday-33',726,,3312,26,4,,1,30,,3309,26,4,,1,70,,3313,26,4,,1,30,,3310,26,4,,1,70,,3299,26,4,,1,100,,3311,26,4,,1,100,,3314,26,4,,1,100,,3308,26,4,,1,100,,3304,26,4,,1,100,,3307,26,4,,1,100,,3302,26,4,,1,100,,3303,26,4,,1,30,,3306,26,4,,1,70,,3301,26,4,,1,30,,3305,26,4,,1,70,,3300,26,4,,1
