20100,'Holiday1-91',549,,2227,10,0,5,1,100,,2228,10,0,5,1,100,,2221,10,0,5,1,100,,2229,10,0,5,1,100,,2222,10,0,5,1,100,,2230,10,0,5,1,100,,2223,10,0,5,1,100,,2231,10,0,5,1,100,,2224,10,0,5,1,100,,2232,10,0,5,1,100,,2225,10,0,5,1,100,,2233,10,0,5,1,100,,2226,10,0,5,1,100,,2234,10,0,5,1
20100,'Saturday-27',549,,20,10,0,5,1,100,,33,10,0,5,1,100,,21,10,0,5,1,100,,34,10,0,5,1,100,,22,10,0,5,1,100,,35,10,0,5,1,100,,23,10,0,5,1,100,,36,10,0,5,1,100,,24,10,0,5,1,100,,37,10,0,5,1,100,,25,10,0,5,1,100,,38,10,0,5,1,100,,26,10,0,5,1,100,,30,10,0,5,1,100,,27,10,0,5,1,100,,31,10,0,5,1,100,,28,10,0,5,1,100,,32,10,0,5,1,100,,29,10,0,5,1
20100,'Saturday-30',549,,2235,10,0,5,1,100,,2248,10,0,5,1,100,,2236,10,0,5,1,100,,2249,10,0,5,1,100,,2237,10,0,5,1,100,,2250,10,0,5,1,100,,2238,10,0,5,1,100,,2251,10,0,5,1,100,,2239,10,0,5,1,100,,2252,10,0,5,1,100,,2240,10,0,5,1,100,,2253,10,0,5,1,100,,2241,10,0,5,1,100,,2245,10,0,5,1,100,,2242,10,0,5,1,100,,2246,10,0,5,1,100,,2243,10,0,5,1,100,,2247,10,0,5,1,100,,2244,10,0,5,1
20100,'Sunday-19',549,,45,10,0,5,1,100,,46,10,0,5,1,100,,39,10,0,5,1,100,,47,10,0,5,1,100,,40,10,0,5,1,100,,48,10,0,5,1,100,,41,10,0,5,1,100,,49,10,0,5,1,100,,42,10,0,5,1,100,,50,10,0,5,1,100,,43,10,0,5,1,100,,51,10,0,5,1,100,,44,10,0,5,1,100,,52,10,0,5,1
20100,'Sunday-31',549,,2260,10,0,5,1,100,,2261,10,0,5,1,100,,2254,10,0,5,1,100,,2262,10,0,5,1,100,,2255,10,0,5,1,100,,2263,10,0,5,1,100,,2256,10,0,5,1,100,,2264,10,0,5,1,100,,2257,10,0,5,1,100,,2265,10,0,5,1,100,,2258,10,0,5,1,100,,2266,10,0,5,1,100,,2259,10,0,5,1,100,,2267,10,0,5,1
20100,'Weekday-23',535,,69,10,0,5,1,70,,75,10,0,5,1,20,,65,10,0,5,1,20,,84,10,0,5,1,61,,70,10,0,5,1,21,,78,10,,,1,19,,76,10,,,1,61,,66,10,,,1,20,,83,10,,,1,17,,82,10,,,1,82,,79,10,0,5,1,100,,77,10,0,5,1,100,,80,10,0,5,1,100,,53,10,,,1,100,,64,10,0,5,1,101,,81,10,0,5,1,101,,58,10,0,5,1,21,,56,10,0,5,1,79,,67,10,0,5,1,18,,54,10,,,1,60,,71,10,0,5,1,22,,68,10,,,1,18,,59,10,0,5,1,61,,74,10,0,5,1,20,,61,10,0,5,1,77,,57,10,0,5,1,100,,63,10,0,5,1,100,,72,10,0,5,1,100,,62,10,0,5,1,100,,73,10,0,5,1,100,,60,10,0,5,1
20100,'Weekday-29',535,,2279,10,0,5,1,70,,2287,10,0,5,1,20,,2296,10,0,5,1,20,,2286,10,0,5,1,61,,2280,10,0,5,1,21,,2290,10,,,1,19,,2288,10,,,1,61,,2297,10,,,1,20,,2300,10,,,1,17,,2299,10,,,1,82,,2291,10,0,5,1,100,,2289,10,0,5,1,100,,2292,10,0,5,1,100,,2294,10,,,1,100,,2277,10,0,5,1,101,,2293,10,0,5,1,101,,2271,10,0,5,1,21,,2269,10,0,5,1,79,,2278,10,0,5,1,18,,2295,10,,,1,60,,2283,10,0,5,1,22,,2298,10,,,1,18,,2272,10,0,5,1,61,,2281,10,0,5,1,20,,2274,10,0,5,1,77,,2270,10,0,5,1,100,,2276,10,0,5,1,100,,2284,10,0,5,1,100,,2275,10,0,5,1,100,,2285,10,0,5,1,100,,2273,10,0,5,1
20100,'Weekday-32',535,,2328,10,0,5,1,70,,2301,10,0,5,1,20,,2317,10,0,5,1,20,,2319,10,0,5,1,61,,2329,10,0,5,1,21,,2323,10,,,1,19,,2302,10,,,1,61,,2318,10,,,1,20,,2320,10,,,1,17,,2333,10,,,1,82,,2330,10,0,5,1,100,,2303,10,0,5,1,100,,2331,10,0,5,1,100,,2325,10,,,1,100,,2316,10,0,5,1,101,,2332,10,0,5,1,101,,2310,10,0,5,1,21,,2306,10,0,5,1,79,,2322,10,0,5,1,18,,2326,10,,,1,60,,2327,10,0,5,1,22,,2324,10,,,1,18,,2311,10,0,5,1,61,,2304,10,0,5,1,20,,2313,10,0,5,1,77,,2307,10,0,5,1,100,,2315,10,0,5,1,100,,2308,10,0,5,1,100,,2314,10,0,5,1,100,,2309,10,0,5,1,100,,2312,10,0,5,1
20100,'Weekday-33',550,,2351,10,0,5,1,70,,2353,10,0,5,1,30,,2339,10,0,5,1,71,,2350,10,,,1,30,,2352,10,,,1,71,,2340,10,0,5,1,27,,2357,10,0,5,1,100,,2359,10,,,1,100,,2354,10,,,1,100,,2358,10,,,1,100,,2349,10,,,1,100,,2348,10,,,1,101,,2346,10,,,1,101,,2355,10,,,1,70,,2347,10,,,1,30,,2345,10,,,1,70,,2334,10,0,5,1,30,,2356,10,0,5,1,71,,2341,10,0,5,1,27,,2336,10,0,5,1,100,,2343,10,0,5,1,100,,2337,10,0,5,1,100,,2344,10,0,5,1,100,,2335,10,0,5,1,100,,2342,10,0,5,1
20200,'Weekday-23',845,,295,14,,,1,80,,297,14,,,1,100,,307,14,,,1,100,,298,14,,,1,101,,306,14,,,1,100,,299,14,,,1,100,,300,14,,,1,100,,304,14,,,1,23,,296,14,,,1,78,,286,14,,,1,24,,290,14,,,1,55,,285,14,,,1,20,,287,14,,,1,19,,292,14,,,1,60,,302,14,,,1,40,,293,14,,,1,60,,301,14,,,1
20200,'Weekday-29',845,,2505,14,,,1,80,,2507,14,,,1,100,,2517,14,,,1,100,,2508,14,,,1,101,,2516,14,,,1,100,,2509,14,,,1,100,,2510,14,,,1,100,,2512,14,,,1,23,,2506,14,,,1,78,,2496,14,,,1,24,,2500,14,,,1,55,,2495,14,,,1,20,,2497,14,,,1,19,,2502,14,,,1,60,,2514,14,,,1,40,,2503,14,,,1,60,,2513,14,,,1
20200,'Weekday-32',845,,2528,14,,,1,80,,2530,14,,,1,100,,2538,14,,,1,100,,2531,14,,,1,101,,2537,14,,,1,100,,2532,14,,,1,100,,2542,14,,,1,100,,2535,14,,,1,23,,2529,14,,,1,78,,2519,14,,,1,24,,2523,14,,,1,55,,2540,14,,,1,20,,2520,14,,,1,19,,2525,14,,,1,60,,2541,14,,,1,40,,2526,14,,,1,60,,2534,14,,,1
20200,'Weekday-33',850,,2550,14,,,1,100,,2546,14,,,1,100,,2555,14,,,1,100,,2554,14,,,1,101,,2556,14,,,1,100,,2553,14,,,1,100,,2557,14,,,1,100,,2551,14,,,1,71,,2559,14,,,1,32,,2545,14,,,1,67,,2549,14,,,1,29,,2558,14,,,1
