100001400,'Saturday-2',614,,4956,1,,,1,100,,4947,1,,,1,100,,4957,1,,,1,100,,4948,1,,,1,100,,4958,1,,,1,100,,4949,1,,,1,100,,4959,1,,,1,100,,4950,1,,,1,100,,4960,1,,,1,100,,4951,1,,,1,100,,4961,1,,,1,100,,4952,1,,,1,100,,4962,1,,,1,100,,4953,1,,,1,100,,4963,1,,,1,100,,4954,1,,,1,100,,4964,1,,,1,100,,4955,1,,,1
100001400,'Saturday-4',614,,4974,1,,,1,100,,4965,1,,,1,100,,4975,1,,,1,100,,4966,1,,,1,100,,4976,1,,,1,100,,4967,1,,,1,100,,4977,1,,,1,100,,4968,1,,,1,100,,4978,1,,,1,100,,4969,1,,,1,100,,4979,1,,,1,100,,4970,1,,,1,100,,4980,1,,,1,100,,4971,1,,,1,100,,4981,1,,,1,100,,4972,1,,,1,100,,4982,1,,,1,100,,4973,1,,,1
100001400,'Sunday-3',620,,4989,1,,,1,100,,4983,1,,,1,100,,4990,1,,,1,100,,4984,1,,,1,100,,4991,1,,,1,100,,4985,1,,,1,100,,4992,1,,,1,100,,4986,1,,,1,100,,4993,1,,,1,100,,4987,1,,,1,100,,4994,1,,,1,100,,4988,1,,,1,100,,4995,1,,,1
100001400,'Sunday-93',620,,5002,1,,,1,100,,4996,1,,,1,100,,5003,1,,,1,100,,4997,1,,,1,100,,5004,1,,,1,100,,4998,1,,,1,100,,5005,1,,,1,100,,4999,1,,,1,100,,5006,1,,,1,100,,5000,1,,,1,100,,5007,1,,,1,100,,5001,1,,,1,100,,5008,1,,,1
100001400,'Weekday-1',528,,5016,1,,,1,20,,5024,1,,,1,60,,5036,1,,,1,20,,5025,1,,,1,20,,5037,1,,,1,60,,5023,1,,,1,21,,5009,1,,,1,20,,5022,1,,,1,60,,5010,1,,,1,40,,5011,1,,,1,70,,5013,1,,,1,100,,5035,1,,,1,100,,5040,1,,,1,100,,5020,1,,,1,100,,5012,1,,,1,100,,5028,1,,,1,91,,5038,1,,,1,23,,5029,1,,,1,16,,5017,1,,,1,60,,5041,1,,,1,20,,5018,1,,,1,20,,5026,1,,,1,60,,5019,1,,,1,20,,5027,1,,,1,20,,5014,1,,,1,60,,5039,1,,,1,20,,5015,1,,,1,20,,5033,1,,,1,61,,5021,1,,,1,19,,5030,1,,,1,29,,5034,1,,,1,71,,5031,1,,,1,100,,5042,1,,,1,100,,5032,1,,,1,100,,5043,1,,,1
100001401,'Saturday-2',711,,5044,13,4,,1,100,,5053,13,4,,1,100,,5045,13,4,,1,100,,5054,13,4,,1,100,,5046,13,4,,1,100,,5055,13,4,,1,100,,5047,13,4,,1,100,,5056,13,4,,1,100,,5048,13,4,,1,100,,5057,13,4,,1,100,,5049,13,4,,1,100,,5058,13,4,,1,97,,5050,13,4,,1,100,,5059,13,4,,1,100,,5052,13,4,,1,100,,5060,13,4,,1,100,,5051,13,4,,1
100001401,'Saturday-4',711,,5061,13,4,,1,100,,5070,13,4,,1,100,,5062,13,4,,1,100,,5071,13,4,,1,100,,5063,13,4,,1,100,,5072,13,4,,1,100,,5064,13,4,,1,100,,5073,13,4,,1,100,,5065,13,4,,1,100,,5074,13,4,,1,100,,5066,13,4,,1,100,,5075,13,4,,1,97,,5067,13,4,,1,100,,5076,13,4,,1,100,,5069,13,4,,1,100,,5077,13,4,,1,100,,5068,13,4,,1
100001401,'Sunday-3',709,,5078,13,4,,1,100,,5084,13,4,,1,100,,5079,13,4,,1,100,,5085,13,4,,1,100,,5080,13,4,,1,100,,5086,13,4,,1,100,,5081,13,4,,1,100,,5087,13,4,,1,100,,5082,13,4,,1,100,,5088,13,4,,1,100,,5083,13,4,,1,100,,5089,13,4,,1
100001401,'Sunday-93',709,,5090,13,4,,1,100,,5096,13,4,,1,100,,5091,13,4,,1,100,,5097,13,4,,1,100,,5092,13,4,,1,100,,5098,13,4,,1,100,,5093,13,4,,1,100,,5099,13,4,,1,100,,5094,13,4,,1,100,,5100,13,4,,1,100,,5095,13,4,,1,100,,5101,13,4,,1
100001401,'Weekday-1',618,,5116,13,4,,1,20,,5127,13,4,,1,20,,5115,13,4,,1,71,,5103,13,4,,1,20,,5114,13,4,,1,60,,5104,13,4,,1,40,,5105,13,4,,1,68,,5106,13,4,,1,100,,5126,13,4,,1,100,,5130,13,4,,1,100,,5113,13,4,,1,100,,5102,13,4,,1,100,,5123,13,4,,1,93,,5128,13,4,,1,18,,5125,13,4,,1,21,,5109,13,4,,1,60,,5131,13,4,,1,20,,5110,13,4,,1,20,,5118,13,4,,1,60,,5111,13,4,,1,20,,5117,13,4,,1,20,,5107,13,4,,1,60,,5129,13,4,,1,20,,5108,13,4,,1,20,,5121,13,4,,1,61,,5112,13,4,,1,15,,5122,13,4,,1,33,,5124,13,4,,1,67,,5119,13,4,,1,100,,5132,13,4,,1,100,,5120,13,4,,1,100,,5133,13,4,,1
