100000900,'Weekday-29',707,,3439,8,,,1,23,,3438,8,,,1,880,,3444,8,,,1,20,,3442,8,,,1,21,,3436,8,,,1,59,,3445,8,,,1,20,,3443,8,,,1,21,,3437,8,,,1,61,,3441,8,,,1,20,,3440,8,,,1
100000900,'Weekday-32',707,,3455,8,,,1,23,,3448,8,,,1,880,,3453,8,,,1,20,,3451,8,,,1,21,,3446,8,,,1,59,,3454,8,,,1,20,,3452,8,,,1,21,,3447,8,,,1,61,,3450,8,,,1,20,,3449,8,,,1
100000900,'Weekday-33',1621,,3458,8,,,1,30,,3456,8,,,1,70,,3459,8,,,1,30,,3457,8,,,1
100003201,'Saturday-30',619,,4039,6,,,1,100,,4040,6,,,1,100,,4041,6,,,1,100,,4042,6,,,1,100,,4034,6,,,1,100,,4045,6,,,1,100,,4035,6,,,1,100,,4043,6,,,1,100,,4036,6,,,1,100,,4046,6,,,1,100,,4037,6,,,1,100,,4044,6,,,1,100,,4038,6,,,1
100003201,'Weekday-29',532,,4050,1,,,1,20,,4054,6,,,1,60,,4051,1,,,1,35,,4048,6,,,1,100,,4047,6,0,7,1,63,,4049,6,0,7,1,38,,4061,6,,,1,100,,4056,6,,,1,100,,4055,6,,,1,100,,4060,6,,,1,100,,4058,6,,,1,100,,4057,6,,,1,92,,4062,6,,,1,64,,4053,6,,,1,21,,4059,6,,,1,25,,4052,6,,,1
100003201,'Weekday-32',532,,4066,1,,,1,20,,4070,6,,,1,60,,4067,1,,,1,35,,4064,6,,,1,100,,4063,6,0,7,1,63,,4065,6,0,7,1,38,,4076,6,,,1,100,,4071,6,,,1,100,,4075,6,,,1,100,,4074,6,,,1,100,,4073,6,,,1,100,,4072,6,,,1,92,,4077,6,,,1,64,,4069,6,,,1,21,,4078,6,,,1,25,,4068,6,,,1
100003201,'Weekday-33',548,,4093,6,,,1,70,,4097,6,,,1,30,,4094,6,,,1,70,,4098,6,,,1,29,,4095,6,,,1,62,,4079,6,,,1,39,,4096,6,,,1,70,,4080,6,,,1,100,,4081,6,,,1,100,,4082,6,,,1,100,,4083,6,,,1,100,,4084,6,,,1,100,,4085,6,,,1,102,,4086,6,,,1,30,,4090,6,,,1,70,,4087,6,,,1,30,,4091,6,,,1,68,,4088,6,,,1,32,,4092,6,,,1,70,,4089,6,,,1
100003300,'Saturday-30',649,,4104,8,,,1,100,,4105,8,,,1,100,,4106,8,,,1,100,,4099,8,,,1,100,,4110,8,,,1,100,,4100,8,,,1,100,,4107,8,,,1,100,,4101,8,,,1,100,,4111,8,,,1,100,,4102,8,,,1,100,,4108,8,,,1,100,,4103,8,,,1
100003300,'Weekday-29',700,,4126,8,,,1,43,,4125,8,,,1,85,,4115,8,,,1,100,,4116,8,,,1,100,,4117,8,,,1,100,,4118,8,,,1,99,,4119,8,,,1,100,,4120,8,,,1,100,,4121,8,,,1,20,,4127,8,,,1,78,,4112,8,,,1,26,,4123,8,,,1
100003300,'Weekday-32',700,,4147,8,,,1,43,,4146,8,,,1,85,,4136,8,,,1,100,,4137,8,,,1,100,,4138,8,,,1,100,,4139,8,,,1,99,,4140,8,,,1,100,,4141,8,,,1,100,,4142,8,,,1,20,,4148,8,,,1,78,,4134,8,,,1,26,,4144,8,,,1
100003300,'Weekday-33',650,,4165,8,,,1,71,,4164,8,,,1,35,,4166,8,,,1,64,,4170,8,,,1,30,,4156,8,,,1,101,,4158,8,,,1,100,,4157,8,,,1,100,,4159,8,,,1,99,,4160,8,,,1,100,,4161,8,,,1,100,,4162,8,,,1,102,,4163,8,,,1
