100000300,'Weekday-17',545,,558,,,1,60,,559,,,1,20,,560,,,1,20,,561,,,1,60,,562,,,1,20,,563,,,1,20,,564,,,1,60,,565,,,1,20,,566,,,1,20,,567,,,1,691,,548,,,1,20,,549,,,1,60,,550,,,1,20,,551,,,1,20,,552,,,1,60,,553,,,1,20,,554,,,1,20,,555,,,1,60,,557,,,1,20,,556,,,1
100000300,'Weekday-23',545,,2191,,,1,60,,2192,,,1,20,,2193,,,1,20,,2194,,,1,60,,2195,,,1,20,,2196,,,1,20,,2197,,,1,60,,2198,,,1,20,,2199,,,1,20,,2200,,,1,691,,2181,,,1,20,,2182,,,1,60,,2183,,,1,20,,2184,,,1,20,,2185,,,1,60,,2186,,,1,20,,2187,,,1,20,,2188,,,1,60,,2190,,,1,20,,2189,,,1
100000300,'Weekday-24',545,,2211,,,1,60,,2212,,,1,20,,2213,,,1,20,,2214,,,1,60,,2215,,,1,20,,2216,,,1,20,,2217,,,1,60,,2218,,,1,20,,2219,,,1,20,,2220,,,1,691,,2201,,,1,20,,2202,,,1,60,,2203,,,1,20,,2204,,,1,20,,2205,,,1,60,,2206,,,1,20,,2207,,,1,20,,2208,,,1,60,,2210,,,1,20,,2209,,,1
100000300,'Weekday-26',607,,2226,,,1,30,,2227,,,1,70,,2228,,,1,30,,2229,,,1,70,,2230,,,1,793,,2221,,,1,30,,2222,,,1,70,,2223,,,1,30,,2224,,,1,70,,2225,,,1
100000601,'Saturday-18',617,,778,,,1,100,,779,,,1,100,,780,,,1,100,,781,,,1,100,,782,,,1,100,,783,,,1,100,,784,,,1,100,,785,,,1,100,,786,,,1,100,,787,,,1,100,,788,,,1,100,,789,,,1,100,,790,,,1
100000601,'Saturday-25',617,,2475,,,1,100,,2476,,,1,100,,2477,,,1,100,,2478,,,1,100,,2479,,,1,100,,2480,,,1,100,,2481,,,1,100,,2482,,,1,100,,2483,,,1,100,,2484,,,1,100,,2485,,,1,100,,2486,,,1,100,,2487,,,1
100000601,'Weekday-17',757,,805,,,1,80,,798,,,1,100,,793,,,1,100,,794,,,1,100,,799,,,1,102,,804,,,1,100,,797,,,1,100,,800,,,1,62,,803,,,1,36,,802,,,1,22,,808,,,1,58,,796,,,1,20,,792,,,1,20,,801,,,1,61,,807,,,1,20,,795,,,1,21,,806,,,1,61,,791,,,1
100000601,'Weekday-23',757,,2499,,,1,80,,2494,,,1,100,,2490,,,1,100,,2505,,,1,100,,2495,,,1,102,,2504,,,1,100,,2493,,,1,100,,2496,,,1,62,,2500,,,1,36,,2498,,,1,22,,2503,,,1,58,,2492,,,1,20,,2489,,,1,20,,2497,,,1,61,,2502,,,1,20,,2491,,,1,21,,2501,,,1,61,,2488,,,1
100000601,'Weekday-24',757,,2520,,,1,80,,2515,,,1,100,,2511,,,1,100,,2523,,,1,100,,2516,,,1,102,,2522,,,1,100,,2514,,,1,100,,2517,,,1,62,,2521,,,1,36,,2519,,,1,22,,2508,,,1,58,,2513,,,1,20,,2510,,,1,20,,2518,,,1,61,,2507,,,1,20,,2512,,,1,21,,2506,,,1,61,,2509,,,1
100000601,'Weekday-26',659,,2537,,,1,70,,2534,,,1,30,,2538,,,1,70,,2535,,,1,30,,2524,,,1,100,,2536,,,1,100,,2539,,,1,100,,2533,,,1,100,,2529,,,1,100,,2532,,,1,100,,2527,,,1,100,,2528,,,1,70,,2531,,,1,30,,2526,,,1,70,,2530,,,1,30,,2525,,,1
