100000501,'Saturday-27',606,,949,8,,,1,100,,944,13,,,1,100,,937,13,,,1,100,,945,13,,,1,100,,938,13,,,1,100,,946,13,,,1,100,,939,13,,,1,100,,942,13,,,1,100,,947,13,,,1,100,,940,13,,,1,100,,943,13,,,1,100,,948,13,,,1,100,,941,13,,,1
100000501,'Saturday-30',606,,3098,8,,,1,100,,3093,13,,,1,100,,3086,13,,,1,100,,3094,13,,,1,100,,3087,13,,,1,100,,3095,13,,,1,100,,3088,13,,,1,100,,3091,13,,,1,100,,3096,13,,,1,100,,3089,13,,,1,100,,3092,13,,,1,100,,3097,13,,,1,100,,3090,13,,,1
100000501,'Weekday-23',521,,958,8,,,1,20,,962,8,,,1,60,,964,8,,,1,20,,953,8,,,1,20,,956,8,,,1,62,,952,13,,,1,18,,957,13,,,1,20,,963,13,,,1,63,,973,13,,,1,40,,951,13,,,1,99,,971,13,,,1,100,,965,13,,,1,100,,950,13,,,1,100,,974,13,,,1,100,,967,13,,,1,99,,966,13,,,1,65,,968,13,,,1,37,,969,13,,,1,62,,959,13,,,1,18,,960,13,,,1,20,,975,13,,,1,60,,961,13,,,1,19,,970,13,,,1,20,,954,13,,,1,61,,972,13,,,1,20,,955,13,,,1
100000501,'Weekday-29',521,,3102,8,,,1,20,,3115,8,,,1,60,,3106,8,,,1,20,,3112,8,,,1,20,,3113,8,,,1,62,,3111,13,,,1,18,,3114,13,,,1,20,,3116,13,,,1,63,,3119,13,,,1,40,,3099,13,,,1,99,,3117,13,,,1,100,,3107,13,,,1,100,,3124,13,,,1,100,,3120,13,,,1,100,,3109,13,,,1,99,,3108,13,,,1,65,,3122,13,,,1,37,,3123,13,,,1,62,,3103,13,,,1,18,,3104,13,,,1,20,,3121,13,,,1,60,,3105,13,,,1,19,,3110,13,,,1,20,,3100,13,,,1,61,,3118,13,,,1,20,,3101,13,,,1
100000501,'Weekday-32',521,,3129,8,,,1,20,,3133,8,,,1,60,,3135,8,,,1,20,,3126,8,,,1,20,,3127,8,,,1,62,,3125,13,,,1,18,,3128,13,,,1,20,,3134,13,,,1,63,,3141,13,,,1,40,,3139,13,,,1,99,,3140,13,,,1,100,,3136,13,,,1,100,,3149,13,,,1,100,,3142,13,,,1,100,,3148,13,,,1,99,,3137,13,,,1,65,,3144,13,,,1,37,,3145,13,,,1,62,,3130,13,,,1,18,,3131,13,,,1,20,,3143,13,,,1,60,,3132,13,,,1,19,,3150,13,,,1,20,,3146,13,,,1,61,,3138,13,,,1,20,,3147,13,,,1
100000501,'Weekday-33',533,,3151,8,,,1,70,,3152,8,,,1,30,,3161,8,,,1,72,,3162,13,,,1,28,,3163,13,,,1,73,,3164,13,,,1,30,,3165,13,,,1,69,,3166,13,,,1,100,,3167,13,,,1,100,,3153,13,,,1,100,,3154,13,,,1,100,,3169,13,,,1,100,,3168,13,,,1,101,,3158,13,,,1,29,,3159,8,,,1,71,,3160,13,,,1,100,,3155,13,,,1,29,,3156,13,,,1,71,,3157,13,,,1
100000601,'Saturday-27',630,,1127,15,,,1,100,,1128,15,,,1,100,,1129,15,,,1,100,,1130,15,,,1,100,,1131,15,,,1,100,,1132,15,,,1,100,,1133,15,,,1,100,,1134,15,,,1,100,,1135,15,,,1,100,,1136,15,,,1,100,,1137,15,,,1,100,,1138,15,,,1,100,,1139,15,,,1
100000601,'Saturday-30',630,,3250,15,,,1,100,,3251,15,,,1,100,,3252,15,,,1,100,,3253,15,,,1,100,,3254,15,,,1,100,,3255,15,,,1,100,,3256,15,,,1,100,,3257,15,,,1,100,,3258,15,,,1,100,,3259,15,,,1,100,,3260,15,,,1,100,,3261,15,,,1,100,,3262,15,,,1
100000601,'Weekday-23',810,,1151,15,,,1,40,,1146,15,,,1,100,,1142,15,,,1,100,,1157,15,,,1,100,,1147,15,,,1,102,,1156,15,,,1,100,,1145,15,,,1,100,,1148,15,,,1,62,,1152,15,,,1,36,,1150,15,,,1,62,,1155,15,,,1,18,,1144,15,,,1,20,,1141,15,,,1,60,,1149,15,,,1,21,,1154,15,,,1,20,,1143,15,,,1,61,,1153,15,,,1,21,,1140,15,,,1
100000601,'Weekday-29',810,,3274,15,,,1,40,,3269,15,,,1,100,,3265,15,,,1,100,,3279,15,,,1,100,,3270,15,,,1,102,,3280,15,,,1,100,,3268,15,,,1,100,,3271,15,,,1,62,,3278,15,,,1,36,,3273,15,,,1,62,,3277,15,,,1,18,,3267,15,,,1,20,,3264,15,,,1,60,,3272,15,,,1,21,,3276,15,,,1,20,,3266,15,,,1,61,,3275,15,,,1,21,,3263,15,,,1
100000601,'Weekday-32',810,,3292,15,,,1,40,,3289,15,,,1,100,,3286,15,,,1,100,,3294,15,,,1,100,,3290,15,,,1,102,,3298,15,,,1,100,,3295,15,,,1,100,,3291,15,,,1,62,,3293,15,,,1,36,,3297,15,,,1,62,,3283,15,,,1,18,,3288,15,,,1,20,,3285,15,,,1,60,,3296,15,,,1,21,,3282,15,,,1,20,,3287,15,,,1,61,,3281,15,,,1,21,,3284,15,,,1
100000601,'Weekday-33',712,,3312,15,,,1,30,,3309,15,,,1,70,,3313,15,,,1,30,,3310,15,,,1,70,,3299,15,,,1,100,,3311,15,,,1,100,,3314,15,,,1,100,,3308,15,,,1,100,,3304,15,,,1,100,,3307,15,,,1,100,,3302,15,,,1,100,,3303,15,,,1,30,,3306,15,,,1,70,,3301,15,,,1,30,,3305,15,,,1,70,,3300,15,,,1
