21100,'Weekday-1',625,,4607,1,,,1,20,,4609,1,,,1,60,,4608,1,,,1
100000300,'Weekday-1',603,,4615,15,4,,1,20,,4616,15,4,,1,20,,4617,15,4,,1,60,,4618,15,4,,1,20,,4619,15,4,,1,20,,4620,15,4,,1,60,,4621,15,4,,1,20,,4622,15,4,,1,20,,4623,15,4,,1,60,,4624,15,4,,1,651,,4625,15,4,,1,60,,4626,15,4,,1,20,,4627,15,4,,1,20,,4628,15,4,,1,60,,4629,15,4,,1,20,,4630,15,4,,1,20,,4631,15,4,,1,60,,4632,15,4,,1,20,,4634,15,4,,1,20,,4633,15,4,,1
100000400,'Saturday-4',630,,4654,1,,,1,26,,4654,37,4,,1,74,,4647,1,,,1,26,,4647,37,4,,1,74,,4655,1,,,1,26,,4655,37,4,,1,74,,4648,1,,,1,26,,4648,37,4,,1,74,,4651,1,,,1,26,,4651,37,4,,1,74,,4656,1,,,1,26,,4656,37,4,,1,74,,4649,1,,,1,26,,4649,37,4,,1,74,,4652,1,,,1,26,,4652,37,4,,1,74,,4657,1,,,1,26,,4657,37,4,,1,74,,4650,1,,,1,26,,4650,37,4,,1,74,,4653,1,,,1,26,,4653,37,4,,1,74,,4658,1,,,1,26,,4658,37,4,,1
100000400,'Weekday-1',603,,4666,14,4,,1,20,,4672,14,4,,1,20,,4677,14,4,,1,60,,4659,14,4,,1,7,,4675,37,4,,1,5,,4676,1,,,1,20,,4667,1,,,1,8,,4676,37,4,,1,12,,4670,1,,,1,48,,4667,37,4,,1,20,,4670,37,4,,1,13,,4671,1,,,1,65,,4671,37,4,,1,5,,4662,1,,,1,25,,4662,37,4,,1,75,,4673,1,,,1,25,,4673,37,4,,1,75,,4663,1,,,1,25,,4663,37,4,,1,75,,4679,1,,,1,25,,4679,37,4,,1,75,,4664,1,,,1,25,,4664,37,4,,1,4,,4665,1,,,1,67,,4665,37,4,,1,30,,4680,1,,,1,20,,4682,1,,,1,51,,4680,37,4,,1,23,,4682,37,4,,1,10,,4668,1,,,1,22,,4674,1,,,1,46,,4668,37,4,,1,12,,4660,1,,,1,10,,4674,37,4,,1,10,,4681,1,,,1,8,,4660,37,4,,1,12,,4683,1,,,1,48,,4681,37,4,,1,12,,4669,1,,,1,7,,4683,37,4,,1,13,,4684,1,,,1,8,,4669,37,4,,1,13,,4661,1,,,1,47,,4684,37,4,,1,14,,4678,1,,,1,5,,4661,37,4,,1,20,,4678,37,4,,1
100000501,'Saturday-4',628,,4710,32,4,,1,30,,4705,1,,,1,70,,4705,37,4,,1,30,,4698,1,,,1,70,,4698,37,4,,1,30,,4706,1,,,1,70,,4706,37,4,,1,30,,4699,1,,,1,70,,4699,37,4,,1,30,,4707,1,,,1,70,,4707,37,4,,1,30,,4700,1,,,1,70,,4700,37,4,,1,30,,4703,1,,,1,70,,4703,37,4,,1,30,,4708,1,,,1,70,,4708,37,4,,1,30,,4701,1,,,1,70,,4701,37,4,,1,30,,4704,1,,,1,70,,4704,37,4,,1,30,,4709,1,,,1,70,,4709,37,4,,1,30,,4702,1,,,1,70,,4702,37,4,,1
100000501,'Weekday-1',543,,4711,32,4,,1,60,,4713,32,4,,1,20,,4723,32,4,,1,20,,4722,32,4,,1,12,,4715,1,,,1,48,,4730,32,4,,1,12,,4731,1,,,1,8,,4715,37,4,,1,12,,4714,1,,,1,8,,4731,37,4,,1,12,,4732,1,,,1,48,,4714,37,4,,1,20,,4732,37,4,,1,12,,4733,1,,,1,68,,4733,37,4,,1,32,,4716,1,,,1,68,,4716,37,4,,1,32,,4736,1,,,1,68,,4736,37,4,,1,32,,4734,1,,,1,68,,4734,37,4,,1,32,,4720,1,,,1,68,,4720,37,4,,1,32,,4735,1,,,1,68,,4735,37,4,,1,30,,4717,1,,,1,25,,4724,1,,,1,45,,4717,37,4,,1,27,,4724,37,4,,1,5,,4725,1,,,1,22,,4718,1,,,1,46,,4725,37,4,,1,12,,4726,1,,,1,10,,4718,37,4,,1,10,,4719,1,,,1,8,,4726,37,4,,1,12,,4727,1,,,1,48,,4719,37,4,,1,12,,4721,1,,,1,8,,4727,37,4,,1,12,,4728,1,,,1,8,,4721,37,4,,1,12,,4712,1,,,1,48,,4728,37,4,,1,12,,4729,1,,,1,8,,4712,37,4,,1,20,,4729,37,4,,1
100000600,'Saturday-4',613,,4750,28,4,,1,100,,4751,28,4,,1,100,,4752,28,4,,1,100,,4753,28,4,,1,100,,4754,28,4,,1,100,,4755,28,4,,1,100,,4756,28,4,,1,100,,4757,28,4,,1,100,,4758,28,4,,1,100,,4759,28,4,,1,100,,4760,28,4,,1,100,,4761,28,4,,1,100,,4762,28,4,,1
100000600,'Weekday-1',603,,4774,28,4,,1,20,,4772,28,4,,1,20,,4775,28,4,,1,60,,4780,28,4,,1,20,,4771,28,4,,1,20,,4763,28,4,,1,60,,4770,28,4,,1,20,,4764,28,4,,1,80,,4778,28,4,,1,100,,4776,28,4,,1,100,,4773,28,4,,1,100,,4777,28,4,,1,100,,4781,28,4,,1,100,,4784,28,4,,1,100,,4767,28,4,,1,20,,4782,28,4,,1,80,,4769,28,4,,1,20,,4765,28,4,,1,20,,4783,28,4,,1,60,,4779,28,4,,1,20,,4785,28,4,,1,20,,4766,28,4,,1,60,,4768,28,4,,1,40,,4786,28,4,,1
100000601,'Saturday-4',615,,4800,1,,,1,100,,4801,1,,,1,100,,4802,1,,,1,100,,4803,1,,,1,100,,4804,1,,,1,100,,4805,1,,,1,100,,4806,1,,,1,100,,4807,1,,,1,100,,4808,1,,,1,100,,4809,1,,,1,100,,4810,1,,,1,100,,4811,1,,,1,100,,4812,1,,,1
100000601,'Weekday-1',755,,4822,1,,,1,80,,4819,1,,,1,100,,4818,1,,,1,100,,4821,1,,,1,100,,4825,1,,,1,102,,4827,1,,,1,100,,4816,1,,,1,100,,4828,1,,,1,22,,4817,1,,,1,76,,4826,1,,,1,22,,4823,1,,,1,58,,4830,1,,,1,20,,4813,1,,,1,20,,4814,1,,,1,61,,4820,1,,,1,20,,4829,1,,,1,21,,4824,1,,,1,61,,4815,1,,,1
100000700,'Saturday-4',628,,4844,24,4,,1,100,,4845,32,4,,1,100,,4846,32,4,,1,100,,4847,32,4,,1,100,,4848,32,4,,1,100,,4853,32,4,,1,100,,4849,32,4,,1,100,,4854,32,4,,1,100,,4850,32,4,,1,100,,4855,32,4,,1,100,,4851,32,4,,1,100,,4856,32,4,,1,100,,4852,32,4,,1
100000700,'Weekday-1',603,,4862,24,4,,1,20,,4866,24,4,,1,20,,4869,24,4,,1,60,,4870,24,4,,1,20,,4868,32,4,,1,20,,4857,32,4,,1,60,,4863,32,4,,1,20,,4859,32,4,,1,80,,4860,32,4,,1,100,,4858,32,4,,1,100,,4867,32,4,,1,100,,4865,32,4,,1,100,,4861,32,4,,1,100,,4864,32,4,,1
100000801,'Saturday-4',656,,4883,34,4,,1,100,,4884,34,4,,1,100,,4885,34,4,,1,100,,4886,34,4,,1,100,,4887,34,4,,1,100,,4888,34,4,,1,100,,4889,34,4,,1,100,,4890,34,4,,1,100,,4891,34,4,,1,100,,4892,34,4,,1,100,,4893,34,4,,1,100,,4894,34,4,,1
100000801,'Weekday-1',902,,4906,34,4,,1,100,,4910,34,4,,1,100,,4908,34,4,,1,100,,4902,34,4,,1,100,,4900,34,4,,1,100,,4897,34,4,,1,100,,4907,34,4,,1,24,,4911,34,4,,1,76,,4909,34,4,,1,20,,4905,34,4,,1,20,,4895,34,4,,1,61,,4904,34,4,,1,19,,4896,34,4,,1,21,,4901,34,4,,1,60,,4899,34,4,,1,22,,4903,34,4,,1,19,,4898,34,4,,1
100001400,'Saturday-4',628,,4974,13,4,,1,100,,4965,13,4,,1,100,,4975,13,4,,1,100,,4966,13,4,,1,100,,4976,13,4,,1,100,,4967,13,4,,1,100,,4977,13,4,,1,100,,4968,13,4,,1,100,,4978,13,4,,1,100,,4969,13,4,,1,100,,4979,13,4,,1,100,,4970,13,4,,1,100,,4980,13,4,,1,100,,4971,13,4,,1,100,,4981,13,4,,1,100,,4972,13,4,,1,100,,4982,13,4,,1,100,,4973,13,4,,1
100001400,'Sunday-3',633,,4989,13,4,,1,100,,4983,13,4,,1,100,,4990,13,4,,1,100,,4984,13,4,,1,100,,4991,13,4,,1,100,,4985,13,4,,1,100,,4992,13,4,,1,100,,4986,13,4,,1,100,,4993,13,4,,1,100,,4987,13,4,,1,100,,4994,13,4,,1,100,,4988,13,4,,1,100,,4995,13,4,,1
100001400,'Sunday-93',633,,5002,13,4,,1,100,,4996,13,4,,1,100,,5003,13,4,,1,100,,4997,13,4,,1,100,,5004,13,4,,1,100,,4998,13,4,,1,100,,5005,13,4,,1,100,,4999,13,4,,1,100,,5006,13,4,,1,100,,5000,13,4,,1,100,,5007,13,4,,1,100,,5001,13,4,,1,100,,5008,13,4,,1
100001400,'Weekday-1',542,,5016,13,4,,1,60,,5024,13,4,,1,20,,5036,13,4,,1,20,,5025,13,4,,1,60,,5037,13,4,,1,20,,5023,13,4,,1,21,,5009,13,4,,1,60,,5022,13,4,,1,20,,5010,13,4,,1,80,,5011,13,4,,1,30,,5013,13,4,,1,100,,5035,13,4,,1,100,,5040,13,4,,1,100,,5020,13,4,,1,100,,5012,13,4,,1,100,,5028,13,4,,1,93,,5038,13,4,,1,21,,5029,13,4,,1,56,,5017,13,4,,1,20,,5041,13,4,,1,20,,5018,13,4,,1,60,,5026,13,4,,1,20,,5019,13,4,,1,20,,5027,13,4,,1,60,,5014,13,4,,1,20,,5039,13,4,,1,20,,5015,13,4,,1,60,,5033,13,4,,1,21,,5021,13,4,,1,19,,5030,13,4,,1,69,,5034,13,4,,1,31,,5031,13,4,,1,100,,5042,13,4,,1,100,,5032,13,4,,1,100,,5043,13,4,,1
100001401,'Saturday-4',658,,5061,1,,,1,100,,5070,1,,,1,100,,5062,1,,,1,100,,5071,1,,,1,100,,5063,1,,,1,100,,5072,1,,,1,100,,5064,1,,,1,100,,5073,1,,,1,100,,5065,1,,,1,100,,5074,1,,,1,100,,5066,1,,,1,100,,5075,1,,,1,97,,5067,1,,,1,100,,5076,1,,,1,100,,5069,1,,,1,100,,5077,1,,,1,100,,5068,1,,,1
100001401,'Sunday-3',657,,5078,1,,,1,100,,5084,1,,,1,100,,5079,1,,,1,100,,5085,1,,,1,100,,5080,1,,,1,100,,5086,1,,,1,100,,5081,1,,,1,100,,5087,1,,,1,100,,5082,1,,,1,100,,5088,1,,,1,100,,5083,1,,,1,100,,5089,1,,,1
100001401,'Sunday-93',657,,5090,1,,,1,100,,5096,1,,,1,100,,5091,1,,,1,100,,5097,1,,,1,100,,5092,1,,,1,100,,5098,1,,,1,100,,5093,1,,,1,100,,5099,1,,,1,100,,5094,1,,,1,100,,5100,1,,,1,100,,5095,1,,,1,100,,5101,1,,,1
100001401,'Weekday-1',605,,5116,1,,,1,20,,5127,1,,,1,20,,5115,1,,,1,71,,5103,1,,,1,20,,5114,1,,,1,20,,5104,1,,,1,80,,5105,1,,,1,68,,5106,1,,,1,100,,5126,1,,,1,100,,5130,1,,,1,100,,5113,1,,,1,100,,5102,1,,,1,100,,5123,1,,,1,53,,5128,1,,,1,58,,5125,1,,,1,21,,5109,1,,,1,20,,5131,1,,,1,60,,5110,1,,,1,20,,5118,1,,,1,20,,5111,1,,,1,60,,5117,1,,,1,20,,5107,1,,,1,20,,5129,1,,,1,60,,5108,1,,,1,20,,5121,1,,,1,21,,5112,1,,,1,55,,5122,1,,,1,33,,5124,1,,,1,67,,5119,1,,,1,100,,5132,1,,,1,100,,5120,1,,,1,100,,5133,1,,,1
