100000900,'Weekday-23',706,,1341,7,,,1,23,,1340,7,,,1,880,,1346,7,,,1,20,,1344,7,,,1,21,,1338,7,,,1,59,,1347,7,,,1,20,,1345,7,,,1,21,,1339,7,,,1,61,,1343,7,,,1,20,,1342,7,,,1
100000900,'Weekday-29',706,,3439,7,,,1,23,,3438,7,,,1,880,,3444,7,,,1,20,,3442,7,,,1,21,,3436,7,,,1,59,,3445,7,,,1,20,,3443,7,,,1,21,,3437,7,,,1,61,,3441,7,,,1,20,,3440,7,,,1
100000900,'Weekday-32',706,,3455,7,,,1,23,,3448,7,,,1,880,,3453,7,,,1,20,,3451,7,,,1,21,,3446,7,,,1,59,,3454,7,,,1,20,,3452,7,,,1,21,,3447,7,,,1,61,,3450,7,,,1,20,,3449,7,,,1
100000900,'Weekday-33',1620,,3458,7,,,1,30,,3456,7,,,1,70,,3459,7,,,1,30,,3457,7,,,1
100003300,'Saturday-27',648,,2081,7,,,1,100,,2082,7,,,1,100,,2083,7,,,1,100,,2076,7,,,1,100,,2087,7,,,1,100,,2077,7,,,1,100,,2084,7,,,1,100,,2078,7,,,1,100,,2088,7,,,1,100,,2079,7,,,1,100,,2085,7,,,1,100,,2080,7,,,1
100003300,'Saturday-30',648,,4104,7,,,1,100,,4105,7,,,1,100,,4106,7,,,1,100,,4099,7,,,1,100,,4110,7,,,1,100,,4100,7,,,1,100,,4107,7,,,1,100,,4101,7,,,1,100,,4111,7,,,1,100,,4102,7,,,1,100,,4108,7,,,1,100,,4103,7,,,1
100003300,'Weekday-23',659,,2103,7,,,1,83,,2102,7,,,1,85,,2092,7,,,1,100,,2093,7,,,1,100,,2094,7,,,1,100,,2095,7,,,1,99,,2096,7,,,1,100,,2097,7,,,1,100,,2098,7,,,1,20,,2104,7,,,1,78,,2089,7,,,1,26,,2100,7,,,1
100003300,'Weekday-29',659,,4126,7,,,1,83,,4125,7,,,1,85,,4115,7,,,1,100,,4116,7,,,1,100,,4117,7,,,1,100,,4118,7,,,1,99,,4119,7,,,1,100,,4120,7,,,1,100,,4121,7,,,1,20,,4127,7,,,1,78,,4112,7,,,1,26,,4123,7,,,1
100003300,'Weekday-32',659,,4147,7,,,1,83,,4146,7,,,1,85,,4136,7,,,1,100,,4137,7,,,1,100,,4138,7,,,1,100,,4139,7,,,1,99,,4140,7,,,1,100,,4141,7,,,1,100,,4142,7,,,1,20,,4148,7,,,1,78,,4134,7,,,1,26,,4144,7,,,1
100003300,'Weekday-33',649,,4165,7,,,1,71,,4164,7,,,1,35,,4166,7,,,1,64,,4170,7,,,1,30,,4156,7,,,1,101,,4158,7,,,1,100,,4157,7,,,1,100,,4159,7,,,1,99,,4160,7,,,1,100,,4161,7,,,1,100,,4162,7,,,1,102,,4163,7,,,1
