20101,'Holiday1-91',635,,2360,21,,,1,100,,2367,21,,,1,100,,2361,21,,,1,100,,2368,21,,,1,100,,2362,21,,,1,100,,2369,21,,,1,100,,2363,21,,,1,100,,2370,21,,,1,100,,2364,21,,,1,100,,2371,21,,,1,100,,2365,21,,,1,100,,2372,21,,,1,100,,2366,21,,,1,100,,2373,21,,,1
20101,'Saturday-27',635,,164,21,,,1,100,,174,21,,,1,100,,165,21,,,1,100,,175,21,,,1,100,,166,21,,,1,100,,176,21,,,1,100,,167,21,,,1,100,,177,21,,,1,100,,168,21,,,1,100,,178,21,,,1,100,,169,21,,,1,100,,179,21,,,1,100,,170,21,,,1,100,,180,21,,,1,100,,171,21,,,1,100,,181,21,,,1,100,,172,21,,,1,100,,182,21,,,1,100,,173,21,,,1
20101,'Saturday-30',635,,2374,21,,,1,100,,2384,21,,,1,100,,2375,21,,,1,100,,2385,21,,,1,100,,2376,21,,,1,100,,2386,21,,,1,100,,2377,21,,,1,100,,2387,21,,,1,100,,2378,21,,,1,100,,2388,21,,,1,100,,2379,21,,,1,100,,2389,21,,,1,100,,2380,21,,,1,100,,2390,21,,,1,100,,2381,21,,,1,100,,2391,21,,,1,100,,2382,21,,,1,100,,2392,21,,,1,100,,2383,21,,,1
20101,'Sunday-19',635,,183,21,,,1,100,,190,21,,,1,100,,184,21,,,1,100,,191,21,,,1,100,,185,21,,,1,100,,192,21,,,1,100,,186,21,,,1,100,,193,21,,,1,100,,187,21,,,1,100,,194,21,,,1,100,,188,21,,,1,100,,195,21,,,1,100,,189,21,,,1,100,,196,21,,,1
20101,'Sunday-31',635,,2393,21,,,1,100,,2400,21,,,1,100,,2394,21,,,1,100,,2401,21,,,1,100,,2395,21,,,1,100,,2402,21,,,1,100,,2396,21,,,1,100,,2403,21,,,1,100,,2397,21,,,1,100,,2404,21,,,1,100,,2398,21,,,1,100,,2405,21,,,1,100,,2399,21,,,1,100,,2406,21,,,1
20101,'Weekday-23',619,,211,21,,,1,30,,217,21,,,1,65,,208,21,,,1,20,,226,21,,,1,71,,212,21,,,1,105,,219,21,,,1,101,,220,21,,,1,100,,218,21,,,1,100,,221,21,,,1,97,,223,21,,,1,99,,197,21,,,1,16,,207,21,,,1,86,,224,21,,,1,19,,222,21,,,1,19,,199,21,,,1,59,,227,21,,,1,21,,201,21,,,1,18,,225,21,,,1,62,,209,21,,,1,22,,210,21,,,1,26,,213,21,,,1,56,,198,21,,,1,25,,202,21,,,1,23,,216,21,,,1,62,,205,21,,,1,27,,200,21,,,1,100,,206,21,,,1,100,,214,21,,,1,100,,203,21,,,1,100,,215,21,,,1,100,,204,21,,,1
20101,'Weekday-29',619,,2418,21,,,1,30,,2429,21,,,1,65,,2437,21,,,1,20,,2428,21,,,1,71,,2419,21,,,1,105,,2431,21,,,1,101,,2432,21,,,1,100,,2430,21,,,1,100,,2433,21,,,1,97,,2421,21,,,1,99,,2435,21,,,1,16,,2415,21,,,1,86,,2422,21,,,1,19,,2434,21,,,1,19,,2407,21,,,1,59,,2424,21,,,1,21,,2409,21,,,1,18,,2423,21,,,1,62,,2416,21,,,1,22,,2417,21,,,1,26,,2425,21,,,1,56,,2436,21,,,1,25,,2410,21,,,1,23,,2420,21,,,1,62,,2413,21,,,1,27,,2408,21,,,1,100,,2414,21,,,1,100,,2426,21,,,1,100,,2411,21,,,1,100,,2427,21,,,1,100,,2412,21,,,1
20101,'Weekday-32',619,,2461,21,,,1,30,,2438,21,,,1,65,,2453,21,,,1,20,,2454,21,,,1,71,,2463,21,,,1,105,,2440,21,,,1,101,,2462,21,,,1,100,,2439,21,,,1,100,,2464,21,,,1,97,,2466,21,,,1,99,,2457,21,,,1,16,,2452,21,,,1,86,,2467,21,,,1,19,,2465,21,,,1,19,,2442,21,,,1,59,,2455,21,,,1,21,,2446,21,,,1,18,,2468,21,,,1,62,,2459,21,,,1,22,,2456,21,,,1,26,,2460,21,,,1,56,,2458,21,,,1,25,,2447,21,,,1,23,,2441,21,,,1,62,,2450,21,,,1,27,,2443,21,,,1,100,,2451,21,,,1,100,,2444,21,,,1,100,,2448,21,,,1,100,,2445,21,,,1,100,,2449,21,,,1
20101,'Weekday-33',634,,2486,21,,,1,70,,2487,21,,,1,33,,2475,21,,,1,70,,2489,21,,,1,28,,2485,21,,,1,79,,2476,21,,,1,21,,2491,21,,,1,100,,2474,21,,,1,100,,2494,21,,,1,100,,2488,21,,,1,100,,2493,21,,,1,100,,2484,21,,,1,100,,2482,21,,,1,70,,2481,21,,,1,28,,2469,21,,,1,74,,2490,21,,,1,30,,2483,21,,,1,70,,2470,21,,,1,30,,2492,21,,,1,72,,2477,21,,,1,24,,2471,21,,,1,100,,2478,21,,,1,100,,2472,21,,,1,100,,2479,21,,,1,100,,2473,21,,,1,100,,2480,21,,,1
20201,'Weekday-23',713,,369,9,,,1,20,,357,9,,,1,80,,367,9,,,1,97,,370,9,,,1,101,,359,9,,,1,100,,371,9,,,1,100,,360,9,,,1,100,,372,9,,,1,99,,362,9,,,1,20,,373,9,,,1,78,,363,9,,,1,21,,355,9,,,1,20,,366,9,,,1,60,,361,9,,,1,21,,368,9,,,1,20,,358,9,,,1,62,,351,9,,,1,22,,353,9,,,1,21,,350,9,,,1,57,,352,9,,,1,20,,354,9,,,1,18,,365,9,,,1,73,,356,9,,,1,25,,364,9,,,1
20201,'Weekday-29',713,,2579,9,,,1,20,,2567,9,,,1,80,,2575,9,,,1,97,,2580,9,,,1,101,,2569,9,,,1,100,,2581,9,,,1,100,,2570,9,,,1,100,,2582,9,,,1,99,,2572,9,,,1,20,,2583,9,,,1,78,,2573,9,,,1,21,,2565,9,,,1,20,,2574,9,,,1,60,,2571,9,,,1,21,,2576,9,,,1,20,,2568,9,,,1,62,,2561,9,,,1,22,,2563,9,,,1,21,,2560,9,,,1,57,,2562,9,,,1,20,,2564,9,,,1,18,,2578,9,,,1,73,,2566,9,,,1,25,,2577,9,,,1
20201,'Weekday-32',713,,2600,9,,,1,20,,2591,9,,,1,80,,2597,9,,,1,97,,2601,9,,,1,101,,2593,9,,,1,100,,2602,9,,,1,100,,2594,9,,,1,100,,2603,9,,,1,99,,2596,9,,,1,20,,2604,9,,,1,78,,2607,9,,,1,21,,2589,9,,,1,20,,2584,9,,,1,60,,2595,9,,,1,21,,2599,9,,,1,20,,2592,9,,,1,62,,2585,9,,,1,22,,2587,9,,,1,21,,2605,9,,,1,57,,2586,9,,,1,20,,2588,9,,,1,18,,2606,9,,,1,73,,2590,9,,,1,25,,2598,9,,,1
20201,'Weekday-33',705,,2608,9,,,1,30,,2612,9,,,1,70,,2615,9,,,1,30,,2609,9,,,1,70,,2613,9,,,1,31,,2616,9,,,1,100,,2614,9,,,1,100,,2621,9,,,1,100,,2619,9,,,1,100,,2622,9,,,1,100,,2620,9,,,1,100,,2623,9,,,1,70,,2610,9,,,1,30,,2617,9,,,1,70,,2625,9,,,1,30,,2611,9,,,1,70,,2618,9,,,1,30,,2624,9,,,1
