100000801,'Saturday-27',645,,1278,30,,,1,100,,1279,30,,,1,100,,1280,30,,,1,100,,1281,30,,,1,100,,1282,30,,,1,100,,1283,30,,,1,100,,1284,30,,,1,100,,1285,30,,,1,100,,1286,30,,,1,100,,1287,30,,,1,100,,1288,30,,,1,100,,1289,30,,,1
100000801,'Saturday-30',645,,3376,30,,,1,100,,3377,30,,,1,100,,3378,30,,,1,100,,3379,30,,,1,100,,3380,30,,,1,100,,3381,30,,,1,100,,3382,30,,,1,100,,3383,30,,,1,100,,3384,30,,,1,100,,3385,30,,,1,100,,3386,30,,,1,100,,3387,30,,,1
100000801,'Weekday-23',852,,1304,30,,,1,100,,1302,30,,,1,100,,1295,30,,,1,101,,1303,30,,,1,100,,1294,30,,,1,100,,1305,30,,,1,100,,1306,30,,,1,60,,1296,30,,,1,36,,1297,30,,,1,60,,1292,30,,,1,20,,1298,30,,,1,21,,1291,30,,,1,59,,1301,30,,,1,22,,1290,30,,,1,19,,1300,30,,,1,62,,1293,30,,,1,19,,1299,30,,,1
100000801,'Weekday-29',852,,3401,30,,,1,100,,3404,30,,,1,100,,3393,30,,,1,101,,3400,30,,,1,100,,3392,30,,,1,100,,3402,30,,,1,100,,3403,30,,,1,60,,3394,30,,,1,36,,3395,30,,,1,60,,3390,30,,,1,20,,3396,30,,,1,21,,3389,30,,,1,59,,3399,30,,,1,22,,3388,30,,,1,19,,3398,30,,,1,62,,3391,30,,,1,19,,3397,30,,,1
100000801,'Weekday-32',852,,3415,30,,,1,100,,3418,30,,,1,100,,3409,30,,,1,101,,3414,30,,,1,100,,3419,30,,,1,100,,3416,30,,,1,100,,3417,30,,,1,60,,3410,30,,,1,36,,3420,30,,,1,60,,3407,30,,,1,20,,3421,30,,,1,21,,3406,30,,,1,59,,3413,30,,,1,22,,3405,30,,,1,19,,3412,30,,,1,62,,3408,30,,,1,19,,3411,30,,,1
100000801,'Weekday-33',945,,3425,30,,,1,100,,3424,30,,,1,101,,3422,30,,,1,100,,3423,30,,,1,100,,3426,30,,,1,66,,3427,30,,,1,34,,3428,30,,,1,66,,3429,30,,,1,30,,3430,30,,,1,70,,3431,30,,,1,30,,3432,30,,,1,70,,3433,30,,,1,30,,3434,30,,,1,70,,3435,30,,,1
100001400,'Holiday1-91',627,,3525,9,,,1,100,,3519,9,,,1,100,,3526,9,,,1,100,,3520,9,,,1,100,,3527,9,,,1,100,,3521,9,,,1,100,,3528,9,,,1,100,,3522,9,,,1,100,,3529,9,,,1,100,,3523,9,,,1,100,,3530,9,,,1,100,,3524,9,,,1,100,,3531,9,,,1
100001400,'Saturday-27',621,,1448,9,,,1,100,,1439,9,,,1,100,,1449,9,,,1,100,,1440,9,,,1,100,,1450,9,,,1,100,,1441,9,,,1,100,,1451,9,,,1,100,,1442,9,,,1,100,,1452,9,,,1,100,,1443,9,,,1,100,,1453,9,,,1,100,,1444,9,,,1,100,,1454,9,,,1,100,,1445,9,,,1,100,,1455,9,,,1,100,,1446,9,,,1,100,,1456,9,,,1,100,,1447,9,,,1
100001400,'Saturday-30',621,,3541,9,,,1,100,,3532,9,,,1,100,,3542,9,,,1,100,,3533,9,,,1,100,,3543,9,,,1,100,,3534,9,,,1,100,,3544,9,,,1,100,,3535,9,,,1,100,,3545,9,,,1,100,,3536,9,,,1,100,,3546,9,,,1,100,,3537,9,,,1,100,,3547,9,,,1,100,,3538,9,,,1,100,,3548,9,,,1,100,,3539,9,,,1,100,,3549,9,,,1,100,,3540,9,,,1
100001400,'Sunday-19',627,,1463,9,,,1,100,,1457,9,,,1,100,,1464,9,,,1,100,,1458,9,,,1,100,,1465,9,,,1,100,,1459,9,,,1,100,,1466,9,,,1,100,,1460,9,,,1,100,,1467,9,,,1,100,,1461,9,,,1,100,,1468,9,,,1,100,,1462,9,,,1,100,,1469,9,,,1
100001400,'Sunday-31',627,,3556,9,,,1,100,,3550,9,,,1,100,,3557,9,,,1,100,,3551,9,,,1,100,,3558,9,,,1,100,,3552,9,,,1,100,,3559,9,,,1,100,,3553,9,,,1,100,,3560,9,,,1,100,,3554,9,,,1,100,,3561,9,,,1,100,,3555,9,,,1,100,,3562,9,,,1
100001400,'Weekday-23',535,,1480,9,,,1,20,,1483,9,,,1,60,,1489,9,,,1,20,,1484,9,,,1,20,,1490,9,,,1,60,,1482,9,,,1,21,,1475,9,,,1,20,,1485,9,,,1,60,,1476,9,,,1,40,,1477,9,,,1,70,,1478,9,,,1,100,,1486,9,,,1,100,,1487,9,,,1,100,,1503,9,,,1,100,,1504,9,,,1,100,,1488,9,,,1,91,,1479,9,,,1,23,,1481,9,,,1,16,,1473,9,,,1,60,,1470,9,,,1,20,,1493,9,,,1,20,,1496,9,,,1,60,,1494,9,,,1,20,,1501,9,,,1,20,,1495,9,,,1,60,,1502,9,,,1,20,,1472,9,,,1,20,,1474,9,,,1,61,,1471,9,,,1,19,,1497,9,,,1,69,,1500,9,,,1,31,,1498,9,,,1,100,,1491,9,,,1,100,,1499,9,,,1,100,,1492,9,,,1
100001400,'Weekday-29',535,,3572,9,,,1,20,,3575,9,,,1,60,,3581,9,,,1,20,,3576,9,,,1,20,,3582,9,,,1,60,,3574,9,,,1,21,,3567,9,,,1,20,,3577,9,,,1,60,,3568,9,,,1,40,,3569,9,,,1,70,,3570,9,,,1,100,,3578,9,,,1,100,,3579,9,,,1,100,,3595,9,,,1,100,,3596,9,,,1,100,,3580,9,,,1,91,,3571,9,,,1,23,,3573,9,,,1,16,,3565,9,,,1,60,,3597,9,,,1,20,,3585,9,,,1,20,,3590,9,,,1,60,,3586,9,,,1,20,,3588,9,,,1,20,,3587,9,,,1,60,,3589,9,,,1,20,,3564,9,,,1,20,,3566,9,,,1,61,,3563,9,,,1,19,,3591,9,,,1,69,,3594,9,,,1,31,,3592,9,,,1,100,,3583,9,,,1,100,,3593,9,,,1,100,,3584,9,,,1
100001400,'Weekday-32',535,,3606,9,,,1,20,,3609,9,,,1,60,,3615,9,,,1,20,,3610,9,,,1,20,,3616,9,,,1,60,,3608,9,,,1,21,,3601,9,,,1,20,,3611,9,,,1,60,,3602,9,,,1,40,,3603,9,,,1,70,,3604,9,,,1,100,,3612,9,,,1,100,,3613,9,,,1,100,,3620,9,,,1,100,,3621,9,,,1,100,,3614,9,,,1,91,,3605,9,,,1,23,,3607,9,,,1,16,,3599,9,,,1,60,,3632,9,,,1,20,,3622,9,,,1,20,,3631,9,,,1,60,,3627,9,,,1,20,,3619,9,,,1,20,,3618,9,,,1,60,,3617,9,,,1,20,,3630,9,,,1,20,,3600,9,,,1,61,,3598,9,,,1,19,,3623,9,,,1,69,,3626,9,,,1,31,,3624,9,,,1,100,,3628,9,,,1,100,,3625,9,,,1,100,,3629,9,,,1
100001400,'Weekday-33',550,,3633,9,,,1,70,,3634,9,,,1,30,,3635,9,,,1,70,,3636,9,,,1,30,,3637,9,,,1,70,,3638,9,,,1,100,,3646,9,,,1,100,,3640,9,,,1,100,,3641,9,,,1,100,,3658,9,,,1,100,,3639,9,,,1,100,,3655,9,,,1,100,,3647,9,,,1,30,,3653,9,,,1,70,,3648,9,,,1,30,,3649,9,,,1,70,,3650,9,,,1,30,,3654,9,,,1,70,,3651,9,,,1,100,,3657,9,,,1,100,,3642,9,,,1,100,,3644,9,,,1,100,,3643,9,,,1,100,,3645,9,,,1
