20200,'Weekday-23',607,,305,4,,,1,20,,294,4,,,1,20,,289,4,,,1,60,,303,4,,,1,20,,291,4,,,1,20,,288,4,,,1,60,,308,4,,,1,20,,295,4,,,1,80,,297,4,,,1,100,,307,4,,,1,100,,298,4,,,1,100,,306,4,,,1,100,,299,4,,,1,100,,300,4,,,1,100,,304,4,,,1,23,,296,4,,,1,77,,286,4,,,1,22,,290,4,,,1,18,,285,4,,,1,60,,287,4,,,1,20,,292,4,,,1,20,,302,4,,,1,80,,293,4,,,1,20,,301,4,,,1
20200,'Weekday-24',607,,329,4,,,1,20,,319,4,,,1,20,,313,4,,,1,60,,326,4,,,1,20,,315,4,,,1,20,,312,4,,,1,60,,332,4,,,1,20,,320,4,,,1,80,,322,4,,,1,100,,331,4,,,1,100,,323,4,,,1,100,,330,4,,,1,100,,324,4,,,1,100,,325,4,,,1,100,,328,4,,,1,23,,321,4,,,1,77,,310,4,,,1,22,,314,4,,,1,18,,309,4,,,1,60,,311,4,,,1,20,,316,4,,,1,20,,318,4,,,1,80,,317,4,,,1,20,,327,4,,,1
20200,'Weekday-28',602,,334,4,,,1,30,,338,4,,,1,70,,342,4,,,1,30,,333,4,,,1,70,,337,4,,,1,30,,340,4,,,1,100,,336,4,,,1,100,,345,4,,,1,100,,344,4,,,1,100,,346,4,,,1,100,,343,4,,,1,100,,347,4,,,1,100,,341,4,,,1,70,,349,4,,,1,30,,335,4,,,1,70,,339,4,,,1,30,,348,4,,,1
100002101,'Weekday-23',646,,1718,4,,,1,64,,1720,4,,,1,19,,1719,4,,,1
100002101,'Weekday-24',646,,1721,4,,,1,64,,1723,4,,,1,19,,1722,4,,,1
100002101,'Weekday-28',703,,1724,4,0,6,1,30,,1725,4,0,6,1,70,,1726,4,0,6,1,29,,1727,4,0,6,1,671,,1728,4,0,6,1,100,,1730,4,0,6,1,30,,1731,4,0,6,1,70,,1729,4,0,6,1
100003101,'Saturday-25',618,,1844,4,,,1,100,,1845,4,,,1,100,,1846,4,,,1,100,,1847,4,,,1,100,,1852,4,,,1,100,,1848,4,,,1,100,,1853,4,,,1,100,,1849,4,,,1,100,,1854,4,,,1,100,,1850,4,,,1,100,,1855,4,,,1,100,,1851,4,,,1,100,,1856,4,,,1
100003101,'Saturday-27',618,,1857,4,,,1,100,,1858,4,,,1,100,,1859,4,,,1,100,,1860,4,,,1,100,,1865,4,,,1,100,,1861,4,,,1,100,,1866,4,,,1,100,,1862,4,,,1,100,,1867,4,,,1,100,,1863,4,,,1,100,,1868,4,,,1,100,,1864,4,,,1,100,,1869,4,,,1
100003101,'Weekday-23',811,,1880,4,,,1,41,,1872,4,,,1,100,,1873,4,,,1,100,,1874,4,,,1,100,,1875,4,,,1,100,,1876,4,,,1,100,,1877,4,,,1,100,,1878,4,,,1,55,,1881,4,,,1,45,,1879,4,,,1,100,,1871,4,,,1,80,,1870,4,,,1,80,,1882,4,,,1
100003101,'Weekday-24',811,,1893,4,,,1,41,,1885,4,,,1,100,,1886,4,,,1,100,,1887,4,,,1,100,,1888,4,,,1,100,,1889,4,,,1,100,,1890,4,,,1,100,,1891,4,,,1,55,,1894,4,,,1,45,,1892,4,,,1,100,,1884,4,,,1,80,,1883,4,,,1,80,,1895,4,,,1
100003101,'Weekday-28',717,,1902,4,,,1,30,,1896,4,,,1,70,,1903,4,,,1,30,,1897,4,,,1,70,,1904,4,,,1,100,,1905,4,,,1,100,,1906,4,,,1,100,,1907,4,,,1,100,,1911,4,,,1,100,,1912,4,,,1,100,,1913,4,,,1,30,,1899,4,,,1,70,,1914,4,,,1,30,,1900,4,,,1,70,,1908,4,,,1,30,,1901,4,,,1,70,,1909,4,,,1
