20101,'Saturday-18',636,,100,,,1,100,,110,,,1,100,,101,,,1,100,,111,,,1,100,,102,,,1,100,,112,,,1,100,,103,,,1,100,,113,,,1,100,,104,,,1,100,,114,,,1,100,,105,,,1,100,,115,,,1,100,,106,,,1,100,,116,,,1,100,,107,,,1,100,,117,,,1,100,,108,,,1,100,,118,,,1,100,,109,,,1
20101,'Saturday-25',636,,1613,,,1,100,,1623,,,1,100,,1614,,,1,100,,1624,,,1,100,,1615,,,1,100,,1625,,,1,100,,1616,,,1,100,,1626,,,1,100,,1617,,,1,100,,1627,,,1,100,,1618,,,1,100,,1628,,,1,100,,1619,,,1,100,,1629,,,1,100,,1620,,,1,100,,1630,,,1,100,,1621,,,1,100,,1631,,,1,100,,1622,,,1
20101,'Sunday-19',636,,119,,,1,100,,126,,,1,100,,120,,,1,100,,127,,,1,100,,121,,,1,100,,128,,,1,100,,122,,,1,100,,129,,,1,100,,123,,,1,100,,130,,,1,100,,124,,,1,100,,131,,,1,100,,125,,,1,100,,132,,,1
20101,'Weekday-17',620,,159,,,1,30,,145,,,1,65,,149,,,1,20,,150,,,1,73,,160,,,1,103,,148,,,1,100,,155,,,1,100,,143,,,1,100,,146,,,1,98,,156,,,1,100,,133,,,1,16,,144,,,1,85,,157,,,1,20,,147,,,1,19,,135,,,1,59,,152,,,1,21,,137,,,1,22,,154,,,1,58,,151,,,1,22,,153,,,1,25,,134,,,1,59,,158,,,1,22,,138,,,1,63,,163,,,1,23,,141,,,1,27,,136,,,1,100,,142,,,1,100,,161,,,1,100,,139,,,1,100,,162,,,1,100,,140,,,1
20101,'Weekday-23',620,,1646,,,1,30,,1652,,,1,65,,1643,,,1,20,,1661,,,1,73,,1647,,,1,103,,1654,,,1,101,,1655,,,1,100,,1653,,,1,100,,1656,,,1,97,,1658,,,1,100,,1632,,,1,16,,1642,,,1,85,,1659,,,1,20,,1657,,,1,19,,1634,,,1,59,,1662,,,1,21,,1636,,,1,19,,1660,,,1,61,,1644,,,1,22,,1645,,,1,25,,1648,,,1,56,,1633,,,1,25,,1637,,,1,63,,1651,,,1,23,,1640,,,1,27,,1635,,,1,100,,1641,,,1,100,,1649,,,1,100,,1638,,,1,100,,1650,,,1,100,,1639,,,1
20101,'Weekday-24',620,,1683,,,1,30,,1688,,,1,65,,1675,,,1,20,,1676,,,1,73,,1685,,,1,103,,1690,,,1,101,,1684,,,1,100,,1689,,,1,100,,1686,,,1,97,,1691,,,1,100,,1679,,,1,16,,1674,,,1,85,,1692,,,1,20,,1687,,,1,19,,1664,,,1,59,,1677,,,1,21,,1668,,,1,19,,1693,,,1,61,,1681,,,1,22,,1678,,,1,25,,1682,,,1,56,,1680,,,1,25,,1669,,,1,63,,1663,,,1,23,,1672,,,1,27,,1665,,,1,100,,1673,,,1,100,,1666,,,1,100,,1670,,,1,100,,1667,,,1,100,,1671,,,1
20101,'Weekday-26',635,,1696,,,1,70,,1697,,,1,33,,1715,,,1,70,,1705,,,1,28,,1695,,,1,79,,1716,,,1,21,,1707,,,1,100,,1714,,,1,100,,1699,,,1,100,,1698,,,1,100,,1717,,,1,100,,1694,,,1,100,,1718,,,1,70,,1713,,,1,28,,1700,,,1,74,,1706,,,1,30,,1719,,,1,70,,1701,,,1,30,,1708,,,1,72,,1709,,,1,25,,1702,,,1,100,,1710,,,1,100,,1703,,,1,100,,1711,,,1,100,,1704,,,1,100,,1712,,,1
20201,'Weekday-17',714,,247,,,1,20,,255,,,1,80,,262,,,1,97,,248,,,1,101,,258,,,1,100,,249,,,1,100,,259,,,1,100,,250,,,1,99,,261,,,1,20,,251,,,1,78,,263,,,1,22,,253,,,1,20,,266,,,1,62,,260,,,1,21,,256,,,1,20,,257,,,1,60,,244,,,1,21,,246,,,1,22,,243,,,1,56,,245,,,1,20,,252,,,1,18,,265,,,1,73,,254,,,1,25,,264,,,1
20201,'Weekday-23',714,,1804,,,1,20,,1792,,,1,80,,1802,,,1,97,,1805,,,1,101,,1794,,,1,100,,1806,,,1,100,,1795,,,1,100,,1807,,,1,99,,1797,,,1,20,,1808,,,1,78,,1798,,,1,22,,1790,,,1,20,,1801,,,1,60,,1796,,,1,20,,1803,,,1,20,,1793,,,1,63,,1786,,,1,21,,1788,,,1,21,,1785,,,1,57,,1787,,,1,20,,1789,,,1,18,,1800,,,1,73,,1791,,,1,25,,1799,,,1
20201,'Weekday-24',714,,1828,,,1,20,,1818,,,1,80,,1825,,,1,97,,1829,,,1,101,,1820,,,1,100,,1830,,,1,100,,1821,,,1,100,,1831,,,1,99,,1823,,,1,20,,1832,,,1,78,,1824,,,1,22,,1815,,,1,20,,1809,,,1,60,,1822,,,1,20,,1827,,,1,20,,1819,,,1,63,,1811,,,1,21,,1813,,,1,21,,1810,,,1,57,,1812,,,1,20,,1814,,,1,18,,1817,,,1,73,,1816,,,1,25,,1826,,,1
20201,'Weekday-26',706,,1833,,,1,30,,1837,,,1,70,,1840,,,1,30,,1834,,,1,70,,1838,,,1,31,,1841,,,1,100,,1839,,,1,100,,1846,,,1,100,,1844,,,1,100,,1847,,,1,100,,1845,,,1,100,,1848,,,1,70,,1835,,,1,30,,1842,,,1,70,,1850,,,1,30,,1836,,,1,70,,1843,,,1,30,,1849,,,1
