'Blocking-Saturday-4-STAT-FAL24-0000010',20100,55100,0,'Edmonton',1,10000,0,'Edmonton',1,10000,0,'Edmonton',1,10000,0,'Edmonton',1,10000,0,'Edmonton',1,10000,0,'Edmonton',1,10000,0,'Edmonton',1,10000,0,'Edmonton',1,10000,0,'Edmonton',1,10000,0,'Edmonton',1,10000,0,'Edmonton',1,10000,0,'Edmonton',1,10000,0,'Edmonton',1,10000,0,'Edmonton',1,10000,0,'Edmonton',1,10000,0,'Edmonton',1,10000,0,'Edmonton',1,10000,0,'Edmonton',1,10000,0,'Edmonton',1
'Blocking-Saturday-64-STAT-FAL24-0000010',20100,55100,0,'Edmonton',1,10000,0,'Edmonton',1,10000,0,'Edmonton',1,10000,0,'Edmonton',1,10000,0,'Edmonton',1,10000,0,'Edmonton',1,10000,0,'Edmonton',1,10000,0,'Edmonton',1,10000,0,'Edmonton',1,10000,0,'Edmonton',1,10000,0,'Edmonton',1,10000,0,'Edmonton',1,10000,0,'Edmonton',1,10000,0,'Edmonton',1,10000,0,'Edmonton',1,10000,0,'Edmonton',1,10000,0,'Edmonton',1,10000,0,'Edmonton',1,10000,0,'Edmonton',1
'Blocking-Sunday-6-STAT-FAL24-0000001',20100,55100,0,'Edmonton',1,10000,0,'Edmonton',1,10000,0,'Edmonton',1,10000,0,'Edmonton',1,10000,0,'Edmonton',1,10000,0,'Edmonton',1,10000,0,'Edmonton',1,10000,0,'Edmonton',1,10000,0,'Edmonton',1,10000,0,'Edmonton',1,10000,0,'Edmonton',1,10000,0,'Edmonton',1,10000,0,'Edmonton',1,10000,0,'Edmonton',1
'Blocking-Weekday-2-STAT-FAL24-1111100',20100,53700,0,'Edmonton',1,7000,0,'Edmonton',1,2000,0,'Edmonton',1,2000,0,'Edmonton',1,6100,,'',1,2200,,'',1,1800,,'',1,6200,,'',1,2000,,'',1,1600,,'',1,8200,,'',1,10000,,'',1,10000,,'',1,10000,,'',1,10000,0,'Edmonton',1,10100,0,'Edmonton',1,10100,0,'Edmonton',1,2100,0,'Edmonton',1,7900,0,'Edmonton',1,1800,,'',1,6000,0,'Edmonton',1,2200,0,'Edmonton',1,1800,0,'Edmonton',1,6200,0,'Edmonton',1,2000,0,'Edmonton',1,7600,0,'Edmonton',1,10000,0,'Edmonton',1,10000,0,'Edmonton',1,10000,0,'Edmonton',1,10000,0,'Edmonton',1,10000,0,'Edmonton',1
'Blocking-Weekday-3-STAT-FAL24-1111100',20100,53700,0,'Edmonton',1,7000,0,'Edmonton',1,2000,0,'Edmonton',1,2000,0,'Edmonton',1,6100,,'',1,2200,,'',1,1800,,'',1,6200,,'',1,2000,,'',1,1600,,'',1,8200,,'',1,10000,,'',1,10000,,'',1,10000,,'',1,10000,0,'Edmonton',1,10100,0,'Edmonton',1,10100,0,'Edmonton',1,2100,0,'Edmonton',1,7900,0,'Edmonton',1,1800,,'',1,6000,0,'Edmonton',1,2200,0,'Edmonton',1,1800,0,'Edmonton',1,6200,0,'Edmonton',1,2000,0,'Edmonton',1,7600,0,'Edmonton',1,10000,0,'Edmonton',1,10000,0,'Edmonton',1,10000,0,'Edmonton',1,10000,0,'Edmonton',1,10000,0,'Edmonton',1
'Blocking-Weekday-4-STAT-FAL24-1111100',20100,55200,0,'Edmonton',1,7000,0,'Edmonton',1,3000,0,'Edmonton',1,7100,,'',1,3000,,'',1,7200,0,'Edmonton',1,2600,0,'Edmonton',1,10000,,'',1,10000,,'',1,10000,,'',1,10000,,'',1,10000,,'',1,10100,,'',1,10100,,'',1,7000,,'',1,3000,,'',1,7000,0,'Edmonton',1,3000,0,'Edmonton',1,7200,0,'Edmonton',1,2600,0,'Edmonton',1,10000,0,'Edmonton',1,10000,0,'Edmonton',1,10000,0,'Edmonton',1,10000,0,'Edmonton',1,10000,0,'Edmonton',1,10000,0,'Edmonton',1,10000,0,'Edmonton',1
'Blocking-Weekday-62-STAT-FAL24-1111100',20100,53700,0,'Edmonton',1,7000,0,'Edmonton',1,2000,0,'Edmonton',1,2000,0,'Edmonton',1,6100,,'',1,2200,,'',1,1800,,'',1,6200,,'',1,2000,,'',1,1600,,'',1,8200,,'',1,10000,,'',1,10000,,'',1,10000,,'',1,10000,0,'Edmonton',1,10100,0,'Edmonton',1,10100,0,'Edmonton',1,2100,0,'Edmonton',1,7900,0,'Edmonton',1,1800,,'',1,6000,0,'Edmonton',1,2200,0,'Edmonton',1,1800,0,'Edmonton',1,6200,0,'Edmonton',1,2000,0,'Edmonton',1,7600,0,'Edmonton',1,10000,0,'Edmonton',1,10000,0,'Edmonton',1,10000,0,'Edmonton',1,10000,0,'Edmonton',1,10000,0,'Edmonton',1
'Blocking-Weekday-8-STAT-FAL24-1111100',20100,55200,0,'Edmonton',1,7000,0,'Edmonton',1,3000,0,'Edmonton',1,7100,,'',1,3000,,'',1,7200,0,'Edmonton',1,2600,0,'Edmonton',1,10000,,'',1,10000,,'',1,10000,,'',1,10000,,'',1,10000,,'',1,10100,,'',1,10100,,'',1,7000,,'',1,3000,,'',1,7000,0,'Edmonton',1,3000,0,'Edmonton',1,7200,0,'Edmonton',1,2600,0,'Edmonton',1,10000,0,'Edmonton',1,10000,0,'Edmonton',1,10000,0,'Edmonton',1,10000,0,'Edmonton',1,10000,0,'Edmonton',1
'Blocking-Saturday-4-STAT-FAL24-0000010',20300,95300,,'',1,10000,,'',1,10000,,'',1,10000,,'',1,10000,,'',1,10000,,'',1,10000,,'',1,10000,,'',1,10000,,'',1
'Blocking-Saturday-64-STAT-FAL24-0000010',20300,95300,,'',1,10000,,'',1,10000,,'',1,10000,,'',1,10000,,'',1,10000,,'',1,10000,,'',1,10000,,'',1,10000,,'',1
'Blocking-Weekday-2-STAT-FAL24-1111100',20300,62700,,'',1,2100,,'',1,6000,,'',1,3900,,'',1,6200,,'',1,3800,,'',1,8000,,'',1,10000,,'',1,10000,,'',1,10000,,'',1,10000,,'',1,10000,,'',1,10000,,'',1,2300,,'',1,7900,,'',1,2200,,'',1,5700,,'',1,2000,,'',1,2100,,'',1,6000,,'',1,2000,,'',1,7800,,'',1,9900,,'',1,10000,,'',1,10000,,'',1,10000,,'',1,10000,,'',1
'Blocking-Weekday-3-STAT-FAL24-1111100',20300,62700,,'',1,2100,,'',1,6000,,'',1,3900,,'',1,6200,,'',1,3800,,'',1,8000,,'',1,10000,,'',1,10000,,'',1,10000,,'',1,10000,,'',1,10000,,'',1,10000,,'',1,2300,,'',1,7900,,'',1,2200,,'',1,5700,,'',1,2000,,'',1,2100,,'',1,6000,,'',1,2000,,'',1,7800,,'',1,9900,,'',1,10000,,'',1,10000,,'',1,10000,,'',1,10000,,'',1
'Blocking-Weekday-4-STAT-FAL24-1111100',20300,62200,,'',1,3100,,'',1,7000,,'',1,2900,,'',1,7200,,'',1,2800,,'',1,10000,,'',1,10000,,'',1,10000,,'',1,10000,,'',1,10000,,'',1,10000,,'',1,10000,,'',1,7200,,'',1,3100,,'',1,6800,,'',1,3100,,'',1,7000,,'',1,2800,,'',1,9900,,'',1,10000,,'',1,10000,,'',1,10000,,'',1,10000,,'',1
'Blocking-Weekday-62-STAT-FAL24-1111100',20300,62700,,'',1,2100,,'',1,6000,,'',1,3900,,'',1,6200,,'',1,3800,,'',1,8000,,'',1,10000,,'',1,10000,,'',1,10000,,'',1,10000,,'',1,10000,,'',1,10000,,'',1,2300,,'',1,7900,,'',1,2200,,'',1,5700,,'',1,2000,,'',1,2100,,'',1,6000,,'',1,2000,,'',1,7800,,'',1,9900,,'',1,10000,,'',1,10000,,'',1,10000,,'',1,10000,,'',1
'Blocking-Weekday-8-STAT-FAL24-1111100',20300,62200,,'',1,3100,,'',1,7000,,'',1,2900,,'',1,7200,,'',1,2800,,'',1,10000,,'',1,10000,,'',1,10000,,'',1,10000,,'',1,10000,,'',1,10000,,'',1,10000,,'',1,7200,,'',1,3100,,'',1,6800,,'',1,3100,,'',1,7000,,'',1,2800,,'',1,9900,,'',1,10000,,'',1,10000,,'',1,10000,,'',1,10000,,'',1
