100000300,'Weekday-17',547,,558,,,1,60,,559,,,1,20,,560,,,1,20,,561,,,1,60,,562,,,1,20,,563,,,1,20,,564,,,1,60,,565,,,1,20,,566,,,1,20,,567,,,1,691,,548,,,1,20,,549,,,1,60,,550,,,1,20,,551,,,1,20,,552,,,1,60,,553,,,1,20,,554,,,1,20,,555,,,1,60,,557,,,1,20,,556,,,1
100000300,'Weekday-23',547,,2191,,,1,60,,2192,,,1,20,,2193,,,1,20,,2194,,,1,60,,2195,,,1,20,,2196,,,1,20,,2197,,,1,60,,2198,,,1,20,,2199,,,1,20,,2200,,,1,691,,2181,,,1,20,,2182,,,1,60,,2183,,,1,20,,2184,,,1,20,,2185,,,1,60,,2186,,,1,20,,2187,,,1,20,,2188,,,1,60,,2190,,,1,20,,2189,,,1
100000300,'Weekday-24',547,,2211,,,1,60,,2212,,,1,20,,2213,,,1,20,,2214,,,1,60,,2215,,,1,20,,2216,,,1,20,,2217,,,1,60,,2218,,,1,20,,2219,,,1,20,,2220,,,1,691,,2201,,,1,20,,2202,,,1,60,,2203,,,1,20,,2204,,,1,20,,2205,,,1,60,,2206,,,1,20,,2207,,,1,20,,2208,,,1,60,,2210,,,1,20,,2209,,,1
100000300,'Weekday-26',609,,2226,,,1,30,,2227,,,1,70,,2228,,,1,30,,2229,,,1,70,,2230,,,1,793,,2221,,,1,30,,2222,,,1,70,,2223,,,1,30,,2224,,,1,70,,2225,,,1
100000400,'Saturday-18',634,,595,,,1,100,,588,,,1,100,,596,,,1,100,,589,,,1,100,,592,,,1,100,,597,,,1,100,,590,,,1,100,,593,,,1,100,,598,,,1,100,,591,,,1,100,,594,,,1,100,,599,,,1
100000400,'Saturday-25',634,,2238,,,1,100,,2231,,,1,100,,2239,,,1,100,,2232,,,1,100,,2235,,,1,100,,2240,,,1,100,,2233,,,1,100,,2236,,,1,100,,2241,,,1,100,,2234,,,1,100,,2237,,,1,100,,2242,,,1
100000400,'Weekday-17',648,,601,,,1,73,,602,,,1,20,,610,,,1,59,,603,,,1,39,,604,,,1,70,,607,,,1,100,,608,,,1,100,,606,,,1,100,,612,,,1,101,,613,,,1,29,,614,,,1,97,,618,,,1,21,,616,,,1,82,,622,,,1,62,,624,,,1,20,,600,,,1,20,,620,,,1,60,,611,,,1,18,,625,,,1,20,,621,,,1,61,,609,,,1,21,,623,,,1
100000400,'Weekday-23',648,,2244,,,1,73,,2245,,,1,20,,2266,,,1,59,,2246,,,1,39,,2247,,,1,70,,2267,,,1,100,,2268,,,1,100,,2249,,,1,100,,2253,,,1,101,,2254,,,1,29,,2255,,,1,97,,2259,,,1,21,,2257,,,1,82,,2262,,,1,62,,2264,,,1,20,,2243,,,1,20,,2260,,,1,60,,2252,,,1,18,,2265,,,1,20,,2261,,,1,61,,2251,,,1,21,,2263,,,1
100000400,'Weekday-24',648,,2269,,,1,73,,2270,,,1,20,,2292,,,1,59,,2271,,,1,39,,2272,,,1,70,,2293,,,1,100,,2294,,,1,100,,2274,,,1,100,,2284,,,1,101,,2285,,,1,29,,2286,,,1,97,,2291,,,1,21,,2288,,,1,82,,2275,,,1,62,,2281,,,1,20,,2276,,,1,20,,2282,,,1,60,,2277,,,1,18,,2283,,,1,20,,2278,,,1,61,,2280,,,1,21,,2279,,,1
100000400,'Weekday-26',702,,2304,,,1,31,,2305,,,1,69,,2306,,,1,28,,2307,,,1,103,,2303,,,1,100,,2300,,,1,100,,2301,,,1,100,,2308,,,1,101,,2302,,,1,100,,2309,,,1,67,,2310,,,1,99,,2295,,,1,32,,2296,,,1,70,,2297,,,1,28,,2298,,,1,70,,2299,,,1
