20100,'Holiday1-91',602,,2227,19,0,5,1,100,,2228,19,0,5,1,100,,2221,19,0,5,1,100,,2229,19,0,5,1,100,,2222,19,0,5,1,100,,2230,19,0,5,1,100,,2223,19,0,5,1,100,,2231,19,0,5,1,100,,2224,19,0,5,1,100,,2232,19,0,5,1,100,,2225,19,0,5,1,100,,2233,19,0,5,1,100,,2226,19,0,5,1,100,,2234,19,0,5,1
20100,'Saturday-27',602,,20,19,0,5,1,100,,33,19,0,5,1,100,,21,19,0,5,1,100,,34,19,0,5,1,100,,22,19,0,5,1,100,,35,19,0,5,1,100,,23,19,0,5,1,100,,36,19,0,5,1,100,,24,19,0,5,1,100,,37,19,0,5,1,100,,25,19,0,5,1,100,,38,19,0,5,1,100,,26,19,0,5,1,100,,30,19,0,5,1,100,,27,19,0,5,1,100,,31,19,0,5,1,100,,28,19,0,5,1,100,,32,19,0,5,1,100,,29,19,0,5,1
20100,'Saturday-30',602,,2235,19,0,5,1,100,,2248,19,0,5,1,100,,2236,19,0,5,1,100,,2249,19,0,5,1,100,,2237,19,0,5,1,100,,2250,19,0,5,1,100,,2238,19,0,5,1,100,,2251,19,0,5,1,100,,2239,19,0,5,1,100,,2252,19,0,5,1,100,,2240,19,0,5,1,100,,2253,19,0,5,1,100,,2241,19,0,5,1,100,,2245,19,0,5,1,100,,2242,19,0,5,1,100,,2246,19,0,5,1,100,,2243,19,0,5,1,100,,2247,19,0,5,1,100,,2244,19,0,5,1
20100,'Sunday-19',602,,45,19,0,5,1,100,,46,19,0,5,1,100,,39,19,0,5,1,100,,47,19,0,5,1,100,,40,19,0,5,1,100,,48,19,0,5,1,100,,41,19,0,5,1,100,,49,19,0,5,1,100,,42,19,0,5,1,100,,50,19,0,5,1,100,,43,19,0,5,1,100,,51,19,0,5,1,100,,44,19,0,5,1,100,,52,19,0,5,1
20100,'Sunday-31',602,,2260,19,0,5,1,100,,2261,19,0,5,1,100,,2254,19,0,5,1,100,,2262,19,0,5,1,100,,2255,19,0,5,1,100,,2263,19,0,5,1,100,,2256,19,0,5,1,100,,2264,19,0,5,1,100,,2257,19,0,5,1,100,,2265,19,0,5,1,100,,2258,19,0,5,1,100,,2266,19,0,5,1,100,,2259,19,0,5,1,100,,2267,19,0,5,1
20100,'Weekday-23',548,,69,19,0,5,1,70,,75,19,0,5,1,20,,65,19,0,5,1,20,,84,19,0,5,1,61,,70,19,0,5,1,26,,78,19,,,1,56,,76,19,,,1,23,,66,19,,,1,20,,83,19,,,1,15,,82,19,,,1,83,,79,19,0,5,1,100,,77,19,0,5,1,100,,80,19,0,5,1,100,,53,19,,,1,100,,64,19,0,5,1,105,,81,19,0,5,1,59,,55,4,0,5,1,18,,85,4,0,5,1,24,,58,19,0,5,1,65,,56,19,0,5,1,36,,67,19,0,5,1,54,,54,19,,,1,22,,71,19,0,5,1,20,,68,19,,,1,58,,59,19,0,5,1,24,,74,19,0,5,1,20,,61,19,0,5,1,71,,57,19,0,5,1,100,,63,19,0,5,1,100,,72,19,0,5,1,100,,62,19,0,5,1,100,,73,19,0,5,1,100,,60,19,0,5,1
20100,'Weekday-29',548,,2279,19,0,5,1,70,,2287,19,0,5,1,20,,2296,19,0,5,1,20,,2286,19,0,5,1,61,,2280,19,0,5,1,26,,2290,19,,,1,56,,2288,19,,,1,23,,2297,19,,,1,20,,2300,19,,,1,15,,2299,19,,,1,83,,2291,19,0,5,1,100,,2289,19,0,5,1,100,,2292,19,0,5,1,100,,2294,19,,,1,100,,2277,19,0,5,1,105,,2293,19,0,5,1,59,,2268,4,0,5,1,18,,2282,4,0,5,1,24,,2271,19,0,5,1,65,,2269,19,0,5,1,36,,2278,19,0,5,1,54,,2295,19,,,1,22,,2283,19,0,5,1,20,,2298,19,,,1,58,,2272,19,0,5,1,24,,2281,19,0,5,1,20,,2274,19,0,5,1,71,,2270,19,0,5,1,100,,2276,19,0,5,1,100,,2284,19,0,5,1,100,,2275,19,0,5,1,100,,2285,19,0,5,1,100,,2273,19,0,5,1
20100,'Weekday-32',548,,2328,19,0,5,1,70,,2301,19,0,5,1,20,,2317,19,0,5,1,20,,2319,19,0,5,1,61,,2329,19,0,5,1,26,,2323,19,,,1,56,,2302,19,,,1,23,,2318,19,,,1,20,,2320,19,,,1,15,,2333,19,,,1,83,,2330,19,0,5,1,100,,2303,19,0,5,1,100,,2331,19,0,5,1,100,,2325,19,,,1,100,,2316,19,0,5,1,105,,2332,19,0,5,1,59,,2305,4,0,5,1,18,,2321,4,0,5,1,24,,2310,19,0,5,1,65,,2306,19,0,5,1,36,,2322,19,0,5,1,54,,2326,19,,,1,22,,2327,19,0,5,1,20,,2324,19,,,1,58,,2311,19,0,5,1,24,,2304,19,0,5,1,20,,2313,19,0,5,1,71,,2307,19,0,5,1,100,,2315,19,0,5,1,100,,2308,19,0,5,1,100,,2314,19,0,5,1,100,,2309,19,0,5,1,100,,2312,19,0,5,1
20100,'Weekday-33',603,,2351,19,0,5,1,30,,2353,19,0,5,1,70,,2339,19,0,5,1,31,,2350,19,,,1,72,,2352,19,,,1,33,,2340,19,0,5,1,65,,2357,19,0,5,1,101,,2359,19,,,1,100,,2354,19,,,1,99,,2358,19,,,1,100,,2349,19,,,1,100,,2348,19,,,1,101,,2346,19,,,1,50,,2338,4,0,5,1,53,,2355,19,,,1,30,,2347,19,,,1,70,,2345,19,,,1,30,,2334,19,0,5,1,70,,2356,19,0,5,1,34,,2341,19,0,5,1,61,,2336,19,0,5,1,100,,2343,19,0,5,1,100,,2337,19,0,5,1,100,,2344,19,0,5,1,100,,2335,19,0,5,1,100,,2342,19,0,5,1
21100,'Weekday-23',702,,767,4,,,1,19,,768,4,,,1,24,,766,4,,,1
21100,'Weekday-29',702,,2941,4,,,1,19,,2942,4,,,1,24,,2940,4,,,1
21100,'Weekday-32',702,,2944,4,,,1,19,,2945,4,,,1,24,,2943,4,,,1
