100000901,'Weekday-17',600,,944,,,1,20,,945,,,1,20,,937,,,1,60,,939,,,1,20,,940,,,1,20,,938,,,1,60,,935,,,1,20,,936,,,1,820,,942,,,1,60,,941,,,1,20,,934,,,1,20,,943,,,1
100000901,'Weekday-23',600,,2696,,,1,20,,2695,,,1,20,,2688,,,1,60,,2690,,,1,20,,2691,,,1,20,,2689,,,1,60,,2686,,,1,20,,2687,,,1,820,,2693,,,1,60,,2692,,,1,20,,2685,,,1,20,,2694,,,1
100000901,'Weekday-24',600,,2705,,,1,20,,2708,,,1,20,,2706,,,1,60,,2700,,,1,20,,2701,,,1,20,,2707,,,1,60,,2698,,,1,20,,2699,,,1,820,,2703,,,1,60,,2702,,,1,20,,2697,,,1,20,,2704,,,1
100000901,'Weekday-26',556,,2717,,,1,70,,2712,,,1,30,,2709,,,1,70,,2713,,,1,30,,2716,,,1,900,,2714,,,1,70,,2710,,,1,30,,2715,,,1,70,,2711,,,1
100003301,'Saturday-18',625,,1461,,,1,100,,1462,,,1,100,,1463,,,1,100,,1464,,,1,100,,1465,,,1,100,,1457,,,1,100,,1458,,,1,100,,1466,,,1,100,,1467,,,1,100,,1459,,,1,100,,1460,,,1,100,,1468,,,1,100,,1469,,,1
100003301,'Saturday-25',625,,3350,,,1,100,,3351,,,1,100,,3352,,,1,100,,3353,,,1,100,,3354,,,1,100,,3346,,,1,100,,3347,,,1,100,,3355,,,1,100,,3356,,,1,100,,3348,,,1,100,,3349,,,1,100,,3357,,,1,100,,3358,,,1
100003301,'Weekday-17',903,,1472,,,1,99,,1473,,,1,101,,1474,,,1,101,,1475,,,1,98,,1476,,,1,99,,1477,,,1,100,,1478,,,1,15,,1481,,,1,87,,1471,,,1
100003301,'Weekday-23',903,,3360,,,1,99,,3361,,,1,101,,3362,,,1,101,,3363,,,1,98,,3364,,,1,99,,3365,,,1,100,,3366,,,1,15,,3369,,,1,87,,3359,,,1
100003301,'Weekday-24',903,,3377,,,1,99,,3378,,,1,101,,3379,,,1,101,,3380,,,1,98,,3381,,,1,99,,3382,,,1,100,,3383,,,1,15,,3386,,,1,87,,3376,,,1
100003301,'Weekday-26',827,,3391,,,1,31,,3402,,,1,70,,3392,,,1,99,,3393,,,1,101,,3394,,,1,101,,3395,,,1,98,,3396,,,1,99,,3397,,,1,100,,3398,,,1,32,,3400,,,1,68,,3399,,,1
