100002100,'Weekday-23',1531,,1705,11,,,1,82,,1703,11,,,1,40,,1704,11,,,1,80,,1701,11,,,1,81,,1702,11,,,1
100002100,'Weekday-29',1531,,3793,11,,,1,82,,3791,11,,,1,40,,3792,11,,,1,80,,3789,11,,,1,81,,3790,11,,,1
100002100,'Weekday-32',1531,,3794,11,,,1,82,,3797,11,,,1,40,,3798,11,,,1,80,,3795,11,,,1,81,,3796,11,,,1
100002300,'Weekday-23',1632,,1744,11,,,1,80,,1742,11,,,1,41,,1743,11,,,1
100002300,'Weekday-29',1632,,3832,11,,,1,80,,3830,11,,,1,41,,3831,11,,,1
100002300,'Weekday-32',1632,,3833,11,,,1,80,,3834,11,,,1,41,,3835,11,,,1
100003100,'Saturday-27',549,,1791,8,,,1,100,,1792,8,,,1,100,,1793,8,,,1,100,,1794,8,,,1,100,,1799,8,,,1,100,,1795,8,,,1,100,,1800,8,,,1,100,,1796,8,,,1,100,,1801,8,,,1,100,,1797,8,,,1,100,,1802,8,,,1,100,,1798,8,,,1,100,,1803,8,,,1
100003100,'Saturday-30',549,,3866,8,,,1,100,,3867,8,,,1,100,,3868,8,,,1,100,,3869,8,,,1,100,,3874,8,,,1,100,,3870,8,,,1,100,,3875,8,,,1,100,,3871,8,,,1,100,,3876,8,,,1,100,,3872,8,,,1,100,,3877,8,,,1,100,,3873,8,,,1,100,,3878,8,,,1
100003100,'Weekday-23',712,,1812,8,,,1,119,,1814,8,,,1,97,,1805,8,,,1,100,,1806,8,,,1,100,,1807,8,,,1,100,,1808,8,,,1,102,,1809,8,,,1,100,,1810,8,,,1,20,,1815,8,,,1,76,,1811,8,,,1,26,,1813,8,,,1,282,,1804,8,,,1
100003100,'Weekday-29',712,,3887,8,,,1,119,,3889,8,,,1,97,,3880,8,,,1,100,,3881,8,,,1,100,,3882,8,,,1,100,,3883,8,,,1,102,,3884,8,,,1,100,,3885,8,,,1,20,,3890,8,,,1,76,,3886,8,,,1,26,,3888,8,,,1,282,,3879,8,,,1
100003100,'Weekday-32',712,,3899,8,,,1,119,,3901,8,,,1,97,,3892,8,,,1,100,,3893,8,,,1,100,,3894,8,,,1,100,,3895,8,,,1,102,,3896,8,,,1,100,,3897,8,,,1,20,,3891,8,,,1,76,,3898,8,,,1,26,,3900,8,,,1,282,,3902,8,,,1
100003100,'Weekday-33',652,,3913,8,,,1,71,,3904,8,,,1,30,,3914,8,,,1,70,,3903,8,,,1,28,,3910,8,,,1,100,,3911,8,,,1,100,,3912,8,,,1,100,,3909,8,,,1,100,,3907,8,,,1,102,,3915,8,,,1,100,,3916,8,,,1,100,,3917,8,,,1,69,,3905,8,,,1,33,,3918,8,,,1,68,,3906,8,,,1,30,,3908,8,,,1
