100000900,'Weekday-23',701,,1341,1,,,1,23,,1340,1,,,1,880,,1346,1,,,1,20,,1344,1,,,1,21,,1338,1,,,1,59,,1347,1,,,1,20,,1345,1,,,1,21,,1339,1,,,1,61,,1343,1,,,1,20,,1342,1,,,1
100000900,'Weekday-29',701,,3439,1,,,1,23,,3438,1,,,1,880,,3444,1,,,1,20,,3442,1,,,1,21,,3436,1,,,1,59,,3445,1,,,1,20,,3443,1,,,1,21,,3437,1,,,1,61,,3441,1,,,1,20,,3440,1,,,1
100000900,'Weekday-32',701,,3455,1,,,1,23,,3448,1,,,1,880,,3453,1,,,1,20,,3451,1,,,1,21,,3446,1,,,1,59,,3454,1,,,1,20,,3452,1,,,1,21,,3447,1,,,1,61,,3450,1,,,1,20,,3449,1,,,1
100000900,'Weekday-33',1615,,3458,1,,,1,30,,3456,1,,,1,70,,3459,1,,,1,30,,3457,1,,,1
100003300,'Saturday-27',645,,2081,1,,,1,100,,2082,1,,,1,100,,2083,1,,,1,100,,2076,1,,,1,100,,2087,1,,,1,100,,2077,1,,,1,100,,2084,1,,,1,100,,2078,1,,,1,100,,2088,1,,,1,100,,2079,1,,,1,100,,2085,1,,,1,100,,2080,1,,,1
100003300,'Saturday-30',645,,4104,1,,,1,100,,4105,1,,,1,100,,4106,1,,,1,100,,4099,1,,,1,100,,4110,1,,,1,100,,4100,1,,,1,100,,4107,1,,,1,100,,4101,1,,,1,100,,4111,1,,,1,100,,4102,1,,,1,100,,4108,1,,,1,100,,4103,1,,,1
100003300,'Weekday-23',655,,2103,1,,,1,82,,2102,1,,,1,86,,2092,1,,,1,99,,2093,1,,,1,100,,2094,1,,,1,100,,2095,1,,,1,100,,2096,1,,,1,100,,2097,1,,,1,100,,2098,1,,,1,20,,2104,1,,,1,76,,2089,1,,,1,26,,2100,1,,,1
100003300,'Weekday-29',655,,4126,1,,,1,82,,4125,1,,,1,86,,4115,1,,,1,99,,4116,1,,,1,100,,4117,1,,,1,100,,4118,1,,,1,100,,4119,1,,,1,100,,4120,1,,,1,100,,4121,1,,,1,20,,4127,1,,,1,76,,4112,1,,,1,26,,4123,1,,,1
100003300,'Weekday-32',655,,4147,1,,,1,82,,4146,1,,,1,86,,4136,1,,,1,99,,4137,1,,,1,100,,4138,1,,,1,100,,4139,1,,,1,100,,4140,1,,,1,100,,4141,1,,,1,100,,4142,1,,,1,20,,4148,1,,,1,76,,4134,1,,,1,26,,4144,1,,,1
100003300,'Weekday-33',645,,4165,1,,,1,70,,4164,1,,,1,30,,4166,1,,,1,70,,4170,1,,,1,30,,4156,1,,,1,100,,4158,1,,,1,100,,4157,1,,,1,100,,4159,1,,,1,100,,4160,1,,,1,100,,4161,1,,,1,100,,4162,1,,,1,100,,4163,1,,,1
