20100,'Holiday1-91',548,,2227,9,0,5,1,100,,2228,9,0,5,1,100,,2221,9,0,5,1,100,,2229,9,0,5,1,100,,2222,9,0,5,1,100,,2230,9,0,5,1,100,,2223,9,0,5,1,100,,2231,9,0,5,1,100,,2224,9,0,5,1,100,,2232,9,0,5,1,100,,2225,9,0,5,1,100,,2233,9,0,5,1,100,,2226,9,0,5,1,100,,2234,9,0,5,1
20100,'Saturday-27',548,,20,9,0,5,1,100,,33,9,0,5,1,100,,21,9,0,5,1,100,,34,9,0,5,1,100,,22,9,0,5,1,100,,35,9,0,5,1,100,,23,9,0,5,1,100,,36,9,0,5,1,100,,24,9,0,5,1,100,,37,9,0,5,1,100,,25,9,0,5,1,100,,38,9,0,5,1,100,,26,9,0,5,1,100,,30,9,0,5,1,100,,27,9,0,5,1,100,,31,9,0,5,1,100,,28,9,0,5,1,100,,32,9,0,5,1,100,,29,9,0,5,1
20100,'Saturday-30',548,,2235,9,0,5,1,100,,2248,9,0,5,1,100,,2236,9,0,5,1,100,,2249,9,0,5,1,100,,2237,9,0,5,1,100,,2250,9,0,5,1,100,,2238,9,0,5,1,100,,2251,9,0,5,1,100,,2239,9,0,5,1,100,,2252,9,0,5,1,100,,2240,9,0,5,1,100,,2253,9,0,5,1,100,,2241,9,0,5,1,100,,2245,9,0,5,1,100,,2242,9,0,5,1,100,,2246,9,0,5,1,100,,2243,9,0,5,1,100,,2247,9,0,5,1,100,,2244,9,0,5,1
20100,'Sunday-19',548,,45,9,0,5,1,100,,46,9,0,5,1,100,,39,9,0,5,1,100,,47,9,0,5,1,100,,40,9,0,5,1,100,,48,9,0,5,1,100,,41,9,0,5,1,100,,49,9,0,5,1,100,,42,9,0,5,1,100,,50,9,0,5,1,100,,43,9,0,5,1,100,,51,9,0,5,1,100,,44,9,0,5,1,100,,52,9,0,5,1
20100,'Sunday-31',548,,2260,9,0,5,1,100,,2261,9,0,5,1,100,,2254,9,0,5,1,100,,2262,9,0,5,1,100,,2255,9,0,5,1,100,,2263,9,0,5,1,100,,2256,9,0,5,1,100,,2264,9,0,5,1,100,,2257,9,0,5,1,100,,2265,9,0,5,1,100,,2258,9,0,5,1,100,,2266,9,0,5,1,100,,2259,9,0,5,1,100,,2267,9,0,5,1
20100,'Weekday-23',534,,69,9,0,5,1,70,,75,9,0,5,1,20,,65,9,0,5,1,20,,84,9,0,5,1,61,,70,9,0,5,1,21,,78,9,,,1,19,,76,9,,,1,61,,66,9,,,1,20,,83,9,,,1,18,,82,9,,,1,82,,79,9,0,5,1,100,,77,9,0,5,1,100,,80,9,0,5,1,100,,53,9,,,1,100,,64,9,0,5,1,100,,81,9,0,5,1,101,,58,9,0,5,1,21,,56,9,0,5,1,79,,67,9,0,5,1,18,,54,9,,,1,60,,71,9,0,5,1,22,,68,9,,,1,18,,59,9,0,5,1,61,,74,9,0,5,1,20,,61,9,0,5,1,78,,57,9,0,5,1,100,,63,9,0,5,1,100,,72,9,0,5,1,100,,62,9,0,5,1,100,,73,9,0,5,1,100,,60,9,0,5,1
20100,'Weekday-29',534,,2279,9,0,5,1,70,,2287,9,0,5,1,20,,2296,9,0,5,1,20,,2286,9,0,5,1,61,,2280,9,0,5,1,21,,2290,9,,,1,19,,2288,9,,,1,61,,2297,9,,,1,20,,2300,9,,,1,18,,2299,9,,,1,82,,2291,9,0,5,1,100,,2289,9,0,5,1,100,,2292,9,0,5,1,100,,2294,9,,,1,100,,2277,9,0,5,1,100,,2293,9,0,5,1,101,,2271,9,0,5,1,21,,2269,9,0,5,1,79,,2278,9,0,5,1,18,,2295,9,,,1,60,,2283,9,0,5,1,22,,2298,9,,,1,18,,2272,9,0,5,1,61,,2281,9,0,5,1,20,,2274,9,0,5,1,78,,2270,9,0,5,1,100,,2276,9,0,5,1,100,,2284,9,0,5,1,100,,2275,9,0,5,1,100,,2285,9,0,5,1,100,,2273,9,0,5,1
20100,'Weekday-32',534,,2328,9,0,5,1,70,,2301,9,0,5,1,20,,2317,9,0,5,1,20,,2319,9,0,5,1,61,,2329,9,0,5,1,21,,2323,9,,,1,19,,2302,9,,,1,61,,2318,9,,,1,20,,2320,9,,,1,18,,2333,9,,,1,82,,2330,9,0,5,1,100,,2303,9,0,5,1,100,,2331,9,0,5,1,100,,2325,9,,,1,100,,2316,9,0,5,1,100,,2332,9,0,5,1,101,,2310,9,0,5,1,21,,2306,9,0,5,1,79,,2322,9,0,5,1,18,,2326,9,,,1,60,,2327,9,0,5,1,22,,2324,9,,,1,18,,2311,9,0,5,1,61,,2304,9,0,5,1,20,,2313,9,0,5,1,78,,2307,9,0,5,1,100,,2315,9,0,5,1,100,,2308,9,0,5,1,100,,2314,9,0,5,1,100,,2309,9,0,5,1,100,,2312,9,0,5,1
20100,'Weekday-33',549,,2351,9,0,5,1,70,,2353,9,0,5,1,30,,2339,9,0,5,1,71,,2350,9,,,1,30,,2352,9,,,1,71,,2340,9,0,5,1,28,,2357,9,0,5,1,100,,2359,9,,,1,100,,2354,9,,,1,100,,2358,9,,,1,100,,2349,9,,,1,100,,2348,9,,,1,100,,2346,9,,,1,101,,2355,9,,,1,70,,2347,9,,,1,30,,2345,9,,,1,70,,2334,9,0,5,1,30,,2356,9,0,5,1,71,,2341,9,0,5,1,28,,2336,9,0,5,1,100,,2343,9,0,5,1,100,,2337,9,0,5,1,100,,2344,9,0,5,1,100,,2335,9,0,5,1,100,,2342,9,0,5,1
20200,'Weekday-23',844,,295,13,,,1,80,,297,13,,,1,100,,307,13,,,1,100,,298,13,,,1,101,,306,13,,,1,100,,299,13,,,1,100,,300,13,,,1,100,,304,13,,,1,23,,296,13,,,1,77,,286,13,,,1,24,,290,13,,,1,56,,285,13,,,1,20,,287,13,,,1,19,,292,13,,,1,60,,302,13,,,1,40,,293,13,,,1,60,,301,13,,,1
20200,'Weekday-29',844,,2505,13,,,1,80,,2507,13,,,1,100,,2517,13,,,1,100,,2508,13,,,1,101,,2516,13,,,1,100,,2509,13,,,1,100,,2510,13,,,1,100,,2512,13,,,1,23,,2506,13,,,1,77,,2496,13,,,1,24,,2500,13,,,1,56,,2495,13,,,1,20,,2497,13,,,1,19,,2502,13,,,1,60,,2514,13,,,1,40,,2503,13,,,1,60,,2513,13,,,1
20200,'Weekday-32',844,,2528,13,,,1,80,,2530,13,,,1,100,,2538,13,,,1,100,,2531,13,,,1,101,,2537,13,,,1,100,,2532,13,,,1,100,,2542,13,,,1,100,,2535,13,,,1,23,,2529,13,,,1,77,,2519,13,,,1,24,,2523,13,,,1,56,,2540,13,,,1,20,,2520,13,,,1,19,,2525,13,,,1,60,,2541,13,,,1,40,,2526,13,,,1,60,,2534,13,,,1
20200,'Weekday-33',849,,2550,13,,,1,100,,2546,13,,,1,100,,2555,13,,,1,100,,2554,13,,,1,101,,2556,13,,,1,100,,2553,13,,,1,100,,2557,13,,,1,100,,2551,13,,,1,70,,2559,13,,,1,32,,2545,13,,,1,68,,2549,13,,,1,29,,2558,13,,,1
