20100,971,1,0
20100,169,2,0
20100,173,3,0
20100,175,4,0
20100,378,5,0
20100,538,6,0
20100,6273,7,0
20100,6760,8,0
20100,6488,9,0
20100,6540,10,0
20100,6388,11,0
20100,6272,12,0
20100,5173,13,0
20100,5356,14,0
20100,1716,15,0
20100,1847,16,0
20100,1994,17,0
20100,1951,18,0
20100,1426,19,0
20100,1439,20,0
20100,1608,21,0
20100,1292,22,0
20100,1262,23,0
20100,1620,24,0
20100,1622,25,0
20100,1959,26,0
20100,1851,27,0
20100,11095,28,0
20100,1702,29,1
20101,1439,1,0
20101,1608,2,0
20101,1292,3,0
20101,1262,4,0
20101,1620,5,0
20101,1622,6,0
20101,1959,7,0
20101,1851,8,0
20101,11095,9,0
20101,1702,10,0
20101,1797,11,0
20101,1904,12,0
20101,1669,13,0
20101,1947,14,0
20101,1759,15,0
20101,1604,16,0
20101,6227,17,0
20101,6550,18,0
20101,6533,19,0
20101,6226,20,0
20101,6152,21,0
20101,6673,22,0
20101,6161,23,0
20101,545,24,0
20101,322,25,0
20101,376,26,0
20101,129,27,0
20101,971,28,1
20200,971,1,0
20200,169,2,0
20200,111,3,0
20200,113,4,0
20200,115,5,0
20200,123,6,0
20200,125,7,0
20200,445,8,0
20200,919,9,0
20200,537,10,0
20200,6273,11,0
20200,6760,12,0
20200,6488,13,0
20200,6540,14,0
20200,6388,15,0
20200,6272,16,0
20200,1890,17,0
20200,1226,18,0
20200,1112,19,1
20201,1112,1,0
20201,1024,2,0
20201,1924,3,0
20201,1860,4,0
20201,6227,5,0
20201,6550,6,0
20201,6533,7,0
20201,6226,8,0
20201,6152,9,0
20201,6673,10,0
20201,6161,11,0
20201,545,12,0
20201,915,13,0
20201,446,14,0
20201,1,15,0
20201,3,16,0
20201,65,17,0
20201,254,18,0
20201,67,19,0
20201,69,20,0
20201,971,21,1
20300,971,1,0
20300,169,2,0
20300,173,3,0
20300,175,4,0
20300,378,5,0
20300,536,6,0
20300,6273,7,0
20300,5211,8,0
20300,2844,9,0
20300,2003,10,1
20301,2003,1,0
20301,22720,2,0
20301,2410,3,0
20301,2982,4,0
20301,2638,5,0
20301,2749,6,0
20301,5202,7,0
20301,6161,8,0
20301,545,9,0
20301,322,10,0
20301,376,11,0
20301,129,12,0
20301,971,13,1
20400,972,1,0
20400,173,2,0
20400,175,3,0
20400,378,4,0
20400,535,5,0
20400,2844,6,0
20400,2003,7,1
20401,2003,1,0
20401,22720,2,0
20401,2410,3,0
20401,2982,4,0
20401,2638,5,0
20401,2749,6,0
20401,545,7,0
20401,376,8,0
20401,129,9,0
20401,972,10,1
20500,533,1,0
20500,66454,2,0
20500,6741,3,0
20500,6110,4,0
20500,5444,5,0
20500,5467,6,0
20500,5692,7,0
20500,5669,8,0
20500,8483,9,0
20500,8497,10,0
20500,8395,11,0
20500,8861,12,0
20500,8917,13,0
20500,8952,14,0
20500,8765,15,0
20500,8838,16,0
20500,8752,17,0
20500,5794,18,0
20500,5792,19,0
20500,5840,20,1
20501,5840,1,0
20501,55848,2,0
20501,8506,3,0
20501,8742,4,0
20501,8662,5,0
20501,8693,6,0
20501,8882,7,0
20501,8944,8,0
20501,8731,9,0
20501,8936,10,0
20501,8851,11,0
20501,8935,12,0
20501,5418,13,0
20501,5850,14,0
20501,5251,15,0
20501,5487,16,0
20501,5408,17,0
20501,6757,18,0
20501,6549,19,0
20501,66456,20,0
20501,535,21,1
20800,971,1,0
20800,378,2,0
20800,532,3,0
20800,1557,4,0
20800,11094,5,0
20800,1083,6,0
20800,1964,7,0
20800,1941,8,0
20800,1304,9,1
20801,1302,1,0
20801,1794,2,0
20801,1711,3,0
20801,1959,4,0
20801,1851,5,0
20801,11095,6,0
20801,1702,7,0
20801,545,8,0
20801,376,9,0
20801,129,10,0
20801,971,11,1
21100,973,1,0
21100,378,2,0
21100,534,3,0
21100,1426,4,0
21100,1439,5,0
21100,1123,6,0
21100,1280,7,0
21100,1496,8,0
21100,1120,9,0
21100,1262,10,0
21100,1346,11,0
21100,1019,12,1
21101,1439,1,0
21101,1123,2,0
21101,1280,3,0
21101,1496,4,0
21101,1120,5,0
21101,1262,6,0
21101,1346,7,0
21101,1019,8,0
21101,1924,9,0
21101,545,10,0
21101,376,11,0
21101,129,12,0
21101,972,13,1
100000300,974,1,0
100000300,837,2,0
100000300,686,3,0
100000300,569,4,0
100000300,712,5,0
100000300,316,6,0
100000300,318,7,0
100000300,330,8,0
100000300,332,9,0
100000300,347,10,0
100000300,349,11,0
100000300,714,12,0
100000300,771,13,0
100000300,685,14,0
100000300,973,15,1
100000400,973,1,0
100000400,117,2,0
100000400,119,3,0
100000400,121,4,0
100000400,495,5,0
100000400,133,6,0
100000400,135,7,0
100000400,569,8,0
100000400,137,9,0
100000400,139,10,0
100000400,775,11,0
100000400,779,12,0
100000400,781,13,0
100000400,783,14,0
100000400,785,15,0
100000400,907,16,0
100000400,789,17,0
100000400,793,18,0
100000400,711,19,0
100000400,797,20,0
100000400,989,21,0
100000400,929,22,0
100000400,801,23,0
100000400,803,24,0
100000400,501,25,0
100000400,425,26,0
100000400,427,27,0
100000400,429,28,0
100000400,431,29,0
100000400,809,30,0
100000400,811,31,0
100000400,819,32,0
100000400,393,33,0
100000400,611,34,0
100000400,439,35,0
100000400,703,36,0
100000501,973,1,0
100000501,835,2,0
100000501,833,3,0
100000501,831,4,0
100000501,903,5,0
100000501,715,6,0
100000501,419,7,0
100000501,421,8,0
100000501,807,9,0
100000501,423,10,0
100000501,507,11,0
100000501,497,12,0
100000501,499,13,0
100000501,719,14,0
100000501,805,15,0
100000501,799,16,0
100000501,927,17,0
100000501,795,18,0
100000501,717,19,0
100000501,791,20,0
100000501,787,21,0
100000501,905,22,0
100000501,149,23,0
100000501,151,24,0
100000501,153,25,0
100000501,157,26,0
100000501,777,27,0
100000501,773,28,0
100000501,721,29,0
100000501,771,30,0
100000501,103,31,0
100000501,371,32,0
100000501,493,33,0
100000501,373,34,0
100000501,375,35,0
100000501,377,36,0
100000600,973,1,0
100000600,837,2,0
100000600,829,3,0
100000600,827,4,0
100000600,825,5,0
100000600,823,6,0
100000600,821,7,0
100000600,391,8,0
100000600,102,9,0
100000600,253,10,0
100000600,308,11,0
100000600,326,12,0
100000600,293,13,0
100000600,290,14,0
100000600,499,15,0
100000600,719,16,0
100000600,805,17,0
100000600,198,18,0
100000600,214,19,0
100000600,112,20,0
100000600,71,21,0
100000600,110,22,0
100000600,320,23,0
100000600,324,24,0
100000600,224,25,0
100000600,334,26,1
100000601,334,1,0
100000601,220,2,0
100000601,222,3,0
100000601,302,4,0
100000601,114,5,0
100000601,106,6,0
100000601,108,7,0
100000601,120,8,0
100000601,212,9,0
100000601,210,10,0
100000601,803,11,0
100000601,395,12,0
100000601,292,13,0
100000601,294,14,0
100000601,328,15,0
100000601,310,16,0
100000601,260,17,0
100000601,925,18,0
100000601,673,19,0
100000601,675,20,0
100000601,677,21,0
100000601,679,22,0
100000601,681,23,0
100000601,683,24,0
100000601,685,25,0
100000601,839,26,0
100000601,377,27,0
100000601,973,28,1
100000700,974,1,0
100000700,487,2,0
100000700,899,3,0
100000700,909,4,0
100000700,999,5,0
100000700,619,6,0
100000700,931,7,0
100000700,70,8,0
100000700,945,9,0
100000700,941,10,0
100000700,981,11,0
100000700,983,12,0
100000700,22,13,0
100000700,24,14,0
100000700,26,15,0
100000700,28,16,0
100000700,30,17,0
100000700,993,18,0
100000700,965,19,0
100000700,937,20,0
100000700,32,21,0
100000700,40,22,0
100000700,34,23,0
100000700,36,24,0
100000700,38,25,0
100000700,939,26,0
100000700,695,27,0
100000700,633,28,0
100000700,397,29,0
100000700,399,30,0
100000700,489,31,0
100000700,973,32,1
100000801,974,1,0
100000801,689,2,0
100000801,691,3,0
100000801,693,4,0
100000801,619,5,0
100000801,931,6,0
100000801,687,7,0
100000801,2,8,0
100000801,4,9,0
100000801,6,10,0
100000801,8,11,0
100000801,10,12,0
100000801,12,13,0
100000801,849,14,0
100000801,14,15,0
100000801,991,16,0
100000801,16,17,0
100000801,118,18,0
100000801,18,19,0
100000801,20,20,0
100000801,723,21,0
100000801,843,22,0
100000801,935,23,0
100000801,943,24,0
100000801,947,25,0
100000801,695,26,0
100000801,633,27,0
100000801,663,28,0
100000801,665,29,0
100000801,505,30,0
100000801,611,31,0
100000801,439,32,0
100000801,703,33,0
100000801,973,34,1
100000900,541,1,0
100000900,322,2,0
100000900,599,3,0
100000900,195,4,0
100000900,197,5,0
100000900,199,6,0
100000900,201,7,0
100000900,203,8,0
100000900,205,9,0
100000900,207,10,0
100000900,209,11,0
100000900,211,12,0
100000900,213,13,0
100000900,891,14,0
100000900,291,15,0
100000900,585,16,0
100000900,581,17,0
100000900,579,18,0
100000900,995,19,0
100000900,42,20,0
100000900,46,21,0
100000900,48,22,0
100000900,50,23,0
100000900,52,24,0
100000900,54,25,0
100000900,857,26,0
100000900,859,27,0
100000900,861,28,0
100000900,226,29,0
100000900,363,30,1
100000901,363,1,0
100000901,855,2,0
100000901,459,3,0
100000901,461,4,0
100000901,463,5,0
100000901,465,6,0
100000901,467,7,0
100000901,56,8,0
100000901,58,9,0
100000901,60,10,0
100000901,62,11,0
100000901,64,12,0
100000901,66,13,0
100000901,997,14,0
100000901,473,15,0
100000901,583,16,0
100000901,593,17,0
100000901,351,18,0
100000901,893,19,0
100000901,267,20,0
100000901,271,21,0
100000901,273,22,0
100000901,275,23,0
100000901,651,24,0
100000901,277,25,0
100000901,279,26,0
100000901,281,27,0
100000901,283,28,0
100000901,285,29,0
100000901,535,30,1
100001200,540,1,0
100001200,386,2,0
100001200,358,3,0
100001200,336,4,0
100001200,338,5,0
100001200,340,6,0
100001200,342,7,0
100001200,344,8,0
100001200,346,9,0
100001200,603,10,0
100001200,307,11,0
100001200,309,12,0
100001200,889,13,0
100001200,311,14,0
100001200,313,15,0
100001200,315,16,0
100001200,317,17,0
100001200,319,18,0
100001200,409,19,0
100001200,321,20,0
100001200,285,21,0
100001200,535,22,1
100001300,540,1,0
100001300,322,2,0
100001300,323,3,0
100001300,325,4,0
100001300,407,5,0
100001300,327,6,0
100001300,329,7,0
100001300,331,8,0
100001300,333,9,0
100001300,335,10,0
100001300,337,11,0
100001300,885,12,0
100001300,339,13,0
100001300,613,14,0
100001300,348,15,0
100001300,350,16,0
100001300,352,17,0
100001300,354,18,0
100001300,356,19,0
100001300,208,20,0
100001300,705,21,0
100001300,933,22,0
100001300,535,23,1
100001400,973,1,0
100001400,487,2,0
100001400,899,3,0
100001400,909,4,0
100001400,667,5,0
100001400,669,6,0
100001400,671,7,0
100001400,841,8,0
100001400,253,9,0
100001400,288,10,0
100001400,298,11,0
100001400,300,12,0
100001400,250,13,1
100001401,250,1,0
100001401,246,2,0
100001401,244,3,0
100001401,260,4,0
100001401,925,5,0
100001401,68,6,0
100001401,435,7,0
100001401,847,8,0
100001401,505,9,0
100001401,611,10,0
100001401,439,11,0
100001401,703,12,0
100001401,973,13,1
100002100,542,1,0
100002100,915,2,0
100002100,659,3,0
100002100,360,4,0
100002100,362,5,0
100002100,142,6,0
100002100,144,7,0
100002100,150,8,0
100002100,152,9,0
100002100,737,10,0
100002100,741,11,0
100002100,745,12,0
100002100,749,13,0
100002100,753,14,0
100002100,523,15,0
100002100,513,16,0
100002100,382,17,0
100002100,398,18,0
100002100,400,19,0
100002100,402,20,0
100002100,304,21,0
100002100,306,22,0
100002100,258,23,0
100002100,86,24,0
100002100,88,25,0
100002100,90,26,0
100002100,92,27,0
100002100,94,28,0
100002100,96,29,0
100002100,98,30,0
100002100,100,31,0
100002100,254,32,0
100002100,67,33,0
100002100,69,34,0
100002100,972,35,1
100002101,972,1,0
100002101,169,2,0
100002101,111,3,0
100002101,113,4,0
100002101,72,5,0
100002101,74,6,0
100002101,76,7,0
100002101,78,8,0
100002101,80,9,0
100002101,82,10,0
100002101,228,11,0
100002101,252,12,0
100002101,392,13,0
100002101,394,14,0
100002101,396,15,0
100002101,404,16,0
100002101,380,17,0
100002101,515,18,0
100002101,525,19,0
100002101,557,20,0
100002101,751,21,0
100002101,747,22,0
100002101,743,23,0
100002101,739,24,0
100002101,645,25,0
100002101,647,26,0
100002101,657,27,0
100002101,761,28,0
100002101,370,29,0
100002101,733,30,0
100002101,372,31,0
100002101,597,32,0
100002101,923,33,0
100002101,919,34,0
100002101,535,35,1
100002200,542,1,0
100002200,915,2,0
100002200,659,3,0
100002200,360,4,0
100002200,362,5,0
100002200,364,6,0
100002200,366,7,0
100002200,228,8,0
100002200,252,9,0
100002200,404,10,0
100002200,380,11,0
100002200,515,12,0
100002200,525,13,0
100002200,557,14,0
100002200,751,15,0
100002200,747,16,0
100002200,743,17,0
100002200,739,18,0
100002200,645,19,0
100002200,647,20,0
100002200,657,21,0
100002200,761,22,0
100002200,370,23,0
100002200,733,24,0
100002200,372,25,0
100002200,597,26,0
100002200,923,27,0
100002200,919,28,0
100002200,535,29,1
100002300,542,1,0
100002300,915,2,0
100002300,659,3,0
100002300,360,4,0
100002300,362,5,0
100002300,142,6,0
100002300,144,7,0
100002300,150,8,0
100002300,152,9,0
100002300,737,10,0
100002300,741,11,0
100002300,745,12,0
100002300,749,13,0
100002300,753,14,0
100002300,523,15,0
100002300,513,16,0
100002300,382,17,0
100002300,406,18,0
100002300,304,19,0
100002300,306,20,0
100002300,368,21,0
100002300,370,22,0
100002300,733,23,0
100002300,372,24,0
100002300,597,25,0
100002300,923,26,0
100002300,919,27,0
100002300,535,28,1
100002400,539,1,0
100002400,408,2,0
100002400,1,3,0
100002400,3,4,0
100002400,5,5,0
100002400,7,6,0
100002400,9,7,0
100002400,11,8,0
100002400,13,9,0
100002400,15,10,0
100002400,17,11,0
100002400,19,12,0
100002400,21,13,0
100002400,23,14,0
100002400,25,15,0
100002400,27,16,0
100002400,29,17,0
100002400,31,18,0
100002400,378,19,0
100002400,535,20,1
100003100,539,1,0
100003100,915,2,0
100003100,446,3,0
100003100,33,4,0
100003100,911,5,0
100003100,643,6,0
100003100,737,7,0
100003100,741,8,0
100003100,745,9,0
100003100,749,10,0
100003100,753,11,0
100003100,523,12,0
100003100,513,13,0
100003100,755,14,0
100003100,761,15,0
100003100,45,16,0
100003100,47,17,0
100003100,49,18,0
100003100,51,19,0
100003100,53,20,0
100003100,55,21,0
100003100,57,22,0
100003100,59,23,0
100003100,61,24,0
100003100,63,25,0
100003100,65,26,0
100003100,254,27,0
100003100,67,28,0
100003100,69,29,0
100003100,972,30,1
100003101,972,1,0
100003101,169,2,0
100003101,111,3,0
100003101,113,4,0
100003101,115,5,0
100003101,5,6,0
100003101,7,7,0
100003101,9,8,0
100003101,11,9,0
100003101,13,10,0
100003101,15,11,0
100003101,17,12,0
100003101,19,13,0
100003101,21,14,0
100003101,759,15,0
100003101,757,16,0
100003101,515,17,0
100003101,525,18,0
100003101,557,19,0
100003101,751,20,0
100003101,747,21,0
100003101,743,22,0
100003101,739,23,0
100003101,735,24,0
100003101,913,25,0
100003101,31,26,0
100003101,445,27,0
100003101,919,28,0
100003101,535,29,1
100003200,540,1,0
100003200,322,2,0
100003200,323,3,0
100003200,325,4,0
100003200,407,5,0
100003200,327,6,0
100003200,329,7,0
100003200,331,8,0
100003200,333,9,0
100003200,335,10,0
100003200,887,11,0
100003200,299,12,0
100003200,301,13,0
100003200,303,14,0
100003200,305,15,0
100003200,603,16,0
100003200,307,17,0
100003200,883,18,0
100003200,881,19,0
100003200,877,20,0
100003200,579,21,0
100003200,575,22,0
100003200,403,23,0
100003200,257,24,0
100003200,259,25,0
100003200,261,26,0
100003200,897,27,0
100003200,275,28,0
100003200,587,29,0
100003200,353,30,0
100003200,765,31,0
100003200,69,32,0
100003200,972,33,1
100003201,972,1,0
100003201,169,2,0
100003201,763,3,0
100003201,609,4,0
100003201,289,5,0
100003201,203,6,0
100003201,895,7,0
100003201,219,8,0
100003201,221,9,0
100003201,223,10,0
100003201,901,11,0
100003201,571,12,0
100003201,997,13,0
100003201,473,14,0
100003201,875,15,0
100003201,879,16,0
100003201,885,17,0
100003201,339,18,0
100003201,613,19,0
100003201,341,20,0
100003201,343,21,0
100003201,345,22,0
100003201,889,23,0
100003201,311,24,0
100003201,313,25,0
100003201,315,26,0
100003201,317,27,0
100003201,319,28,0
100003201,409,29,0
100003201,321,30,0
100003201,285,31,0
100003201,535,32,1
100003300,541,1,0
100003300,322,2,0
100003300,599,3,0
100003300,195,4,0
100003300,197,5,0
100003300,199,6,0
100003300,201,7,0
100003300,203,8,0
100003300,205,9,0
100003300,207,10,0
100003300,209,11,0
100003300,211,12,0
100003300,213,13,0
100003300,891,14,0
100003300,291,15,0
100003300,585,16,0
100003300,581,17,0
100003300,873,18,0
100003300,225,19,0
100003300,388,20,0
100003300,390,21,0
100003300,865,22,0
100003300,867,23,0
100003300,869,24,0
100003300,229,25,0
100003300,617,26,0
100003300,231,27,0
100003300,233,28,0
100003300,235,29,0
100003300,237,30,0
100003300,239,31,0
100003300,972,32,1
100003301,972,1,0
100003301,241,2,0
100003301,243,3,0
100003301,245,4,0
100003301,247,5,0
100003301,249,6,0
100003301,251,7,0
100003301,385,8,0
100003301,387,9,0
100003301,363,10,0
100003301,365,11,0
100003301,367,12,0
100003301,389,13,0
100003301,255,14,0
100003301,901,15,0
100003301,571,16,0
100003301,997,17,0
100003301,873,18,1
100003301,871,19,0
100003301,473,20,0
100003301,583,21,0
100003301,593,22,0
100003301,351,23,0
100003301,893,24,0
100003301,267,25,0
100003301,271,26,0
100003301,273,27,0
100003301,275,28,0
100003301,651,29,0
100003301,277,30,0
100003301,279,31,0
100003301,281,32,0
100003301,283,33,0
100003301,285,34,0
100003301,535,35,1
