20101,'Saturday-2',648,,4315,24,,,1,100,,4325,24,,,1,100,,4316,24,,,1,100,,4326,24,,,1,100,,4317,24,,,1,100,,4327,24,,,1,100,,4318,24,,,1,100,,4328,24,,,1,100,,4319,24,,,1,100,,4329,24,,,1,100,,4320,24,,,1,100,,4330,24,,,1,100,,4321,24,,,1,100,,4331,24,,,1,100,,4322,24,,,1,100,,4332,24,,,1,100,,4323,24,,,1
20101,'Saturday-4',648,,4334,24,,,1,100,,4344,24,,,1,100,,4335,24,,,1,100,,4345,24,,,1,100,,4336,24,,,1,100,,4346,24,,,1,100,,4337,24,,,1,100,,4347,24,,,1,100,,4338,24,,,1,100,,4348,24,,,1,100,,4339,24,,,1,100,,4349,24,,,1,100,,4340,24,,,1,100,,4350,24,,,1,100,,4341,24,,,1,100,,4351,24,,,1,100,,4342,24,,,1
20101,'Sunday-3',646,,4353,24,,,1,100,,4360,24,,,1,100,,4354,24,,,1,100,,4361,24,,,1,100,,4355,24,,,1,100,,4362,24,,,1,100,,4356,24,,,1,100,,4363,24,,,1,100,,4357,24,,,1,100,,4364,24,,,1,100,,4358,24,,,1,100,,4365,24,,,1
20101,'Sunday-93',646,,4367,24,,,1,100,,4374,24,,,1,100,,4368,24,,,1,100,,4375,24,,,1,100,,4369,24,,,1,100,,4376,24,,,1,100,,4370,24,,,1,100,,4377,24,,,1,100,,4371,24,,,1,100,,4378,24,,,1,100,,4372,24,,,1,100,,4379,24,,,1
20101,'Weekday-1',631,,4394,24,,,1,70,,4396,24,,,1,24,,4386,24,,,1,20,,4389,24,,,1,80,,4395,24,,,1,97,,4401,24,,,1,100,,4403,24,,,1,100,,4391,24,,,1,100,,4398,24,,,1,100,,4404,24,,,1,100,,4390,24,,,1,20,,4406,24,,,1,80,,4383,24,,,1,23,,4399,24,,,1,60,,4384,24,,,1,20,,4405,24,,,1,20,,4392,24,,,1,60,,4407,24,,,1,20,,4402,24,,,1,21,,4400,24,,,1,61,,4393,24,,,1,16,,4397,24,,,1,87,,4381,24,,,1,25,,4410,24,,,1,68,,4382,24,,,1,100,,4411,24,,,1,100,,4387,24,,,1,100,,4408,24,,,1
20301,'Weekday-1',725,,4516,10,,,1,20,,4523,10,,,1,80,,4526,10,,,1,97,,4517,10,,,1,100,,4514,10,,,1,100,,4513,10,,,1,100,,4518,10,,,1,100,,4527,10,,,1,100,,4524,10,,,1,20,,4519,10,,,1,80,,4515,10,,,1,23,,4520,10,,,1,82,,4529,10,,,1,18,,4525,10,,,1,60,,4511,10,,,1,22,,4528,10,,,1,19,,4521,10,,,1,61,,4530,10,,,1,16,,4522,10,,,1,24,,4512,10,,,1
100000900,'Weekday-1',704,,4921,2,,,1,23,,4913,2,,,1,880,,4918,2,,,1,20,,4914,2,,,1,21,,4916,2,,,1,59,,4919,2,,,1,20,,4915,2,,,1,21,,4917,2,,,1,61,,4920,2,,,1,20,,4912,2,,,1
100001300,'Weekday-1',1607,,4946,2,,,1,20,,4939,2,,,1,20,,4944,2,,,1,62,,4940,2,,,1,20,,4943,2,,,1,19,,4941,2,,,1,60,,4945,2,,,1,20,,4942,2,,,1
100003200,'Saturday-2',647,,5246,2,,,1,100,,5247,2,,,1,100,,5248,2,,,1,100,,5249,2,,,1,100,,5242,2,,,1,100,,5243,2,,,1,100,,5250,2,,,1,100,,5251,2,,,1,100,,5244,2,,,1,100,,5245,2,,,1,100,,5252,2,,,1,100,,5253,2,,,1
100003200,'Saturday-4',647,,5259,2,,,1,100,,5260,2,,,1,100,,5261,2,,,1,100,,5262,2,,,1,100,,5255,2,,,1,100,,5256,2,,,1,100,,5263,2,,,1,100,,5264,2,,,1,100,,5257,2,,,1,100,,5258,2,,,1,100,,5265,2,,,1,100,,5266,2,,,1
100003200,'Weekday-1',701,,5274,2,,,1,27,,5276,2,,,1,97,,5268,2,,,1,99,,5275,2,,,1,100,,5273,2,,,1,100,,5271,2,,,1,100,,5269,2,,,1,101,,5278,2,,,1,100,,5280,2,,,1,20,,5279,2,,,1,77,,5277,2,,,1,25,,5270,2,,,1,87,,5272,2,,,1
100003300,'Saturday-2',647,,5328,2,,,1,100,,5329,2,,,1,100,,5330,2,,,1,100,,5323,2,,,1,100,,5334,2,,,1,100,,5324,2,,,1,100,,5331,2,,,1,100,,5325,2,,,1,100,,5335,2,,,1,100,,5326,2,,,1,100,,5332,2,,,1,100,,5327,2,,,1
100003300,'Saturday-4',647,,5341,2,,,1,100,,5342,2,,,1,100,,5343,2,,,1,100,,5336,2,,,1,100,,5347,2,,,1,100,,5337,2,,,1,100,,5344,2,,,1,100,,5338,2,,,1,100,,5348,2,,,1,100,,5339,2,,,1,100,,5345,2,,,1,100,,5340,2,,,1
100003300,'Weekday-1',657,,5361,2,,,1,83,,5360,2,,,1,85,,5350,2,,,1,100,,5351,2,,,1,100,,5352,2,,,1,100,,5353,2,,,1,99,,5354,2,,,1,100,,5355,2,,,1,100,,5356,2,,,1,20,,5363,2,,,1,77,,5357,2,,,1,26,,5367,2,,,1
