100000901,'Weekday-23',559,,1373,17,,,1,60,,1372,17,,,1,20,,1365,17,,,1,20,,1367,17,,,1,60,,1368,17,,,1,20,,1366,17,,,1,20,,1363,17,,,1,60,,1364,17,,,1,820,,1370,17,,,1,20,,1369,17,,,1,60,,1362,17,,,1,20,,1371,17,,,1
100000901,'Weekday-29',559,,3471,17,,,1,60,,3470,17,,,1,20,,3463,17,,,1,20,,3465,17,,,1,60,,3466,17,,,1,20,,3464,17,,,1,20,,3461,17,,,1,60,,3462,17,,,1,820,,3468,17,,,1,20,,3467,17,,,1,60,,3460,17,,,1,20,,3469,17,,,1
100000901,'Weekday-32',559,,3480,17,,,1,60,,3481,17,,,1,20,,3482,17,,,1,20,,3475,17,,,1,60,,3476,17,,,1,20,,3483,17,,,1,20,,3473,17,,,1,60,,3474,17,,,1,820,,3478,17,,,1,20,,3477,17,,,1,60,,3472,17,,,1,20,,3479,17,,,1
100000901,'Weekday-33',555,,3492,17,,,1,70,,3487,17,,,1,30,,3484,17,,,1,70,,3488,17,,,1,30,,3491,17,,,1,900,,3489,17,,,1,70,,3485,17,,,1,30,,3490,17,,,1,70,,3486,17,,,1
100003301,'Saturday-27',624,,2165,18,,,1,100,,2166,18,,,1,100,,2167,18,,,1,100,,2168,18,,,1,100,,2169,18,,,1,100,,2161,18,,,1,100,,2162,18,,,1,100,,2170,18,,,1,100,,2171,18,,,1,100,,2163,18,,,1,100,,2164,18,,,1,100,,2172,18,,,1,100,,2173,18,,,1
100003301,'Saturday-30',624,,4175,18,,,1,100,,4176,18,,,1,100,,4177,18,,,1,100,,4178,18,,,1,100,,4179,18,,,1,100,,4171,18,,,1,100,,4172,18,,,1,100,,4180,18,,,1,100,,4181,18,,,1,100,,4173,18,,,1,100,,4174,18,,,1,100,,4182,18,,,1,100,,4183,18,,,1
100003301,'Weekday-23',902,,2175,18,,,1,100,,2176,18,,,1,100,,2177,18,,,1,102,,2178,18,,,1,97,,2179,18,,,1,99,,2180,18,,,1,100,,2181,18,,,1,15,,2184,18,,,1,87,,2174,18,,,1
100003301,'Weekday-29',902,,4185,18,,,1,100,,4186,18,,,1,100,,4187,18,,,1,102,,4188,18,,,1,97,,4189,18,,,1,99,,4190,18,,,1,100,,4191,18,,,1,15,,4194,18,,,1,87,,4184,18,,,1
100003301,'Weekday-32',902,,4201,18,,,1,100,,4202,18,,,1,100,,4203,18,,,1,102,,4204,18,,,1,97,,4205,18,,,1,99,,4206,18,,,1,100,,4207,18,,,1,15,,4210,18,,,1,87,,4200,18,,,1
100003301,'Weekday-33',826,,4216,18,,,1,31,,4227,18,,,1,70,,4217,18,,,1,100,,4218,18,,,1,100,,4219,18,,,1,102,,4220,18,,,1,97,,4221,18,,,1,99,,4222,18,,,1,100,,4223,18,,,1,32,,4225,18,,,1,68,,4224,18,,,1
