100000400,'Saturday-25',649,,839,34,,,1,100,,832,34,,,1,100,,840,34,,,1,100,,833,34,,,1,100,,836,34,,,1,100,,841,34,,,1,100,,834,34,,,1,100,,837,34,,,1,100,,842,34,,,1,100,,835,34,,,1,100,,838,34,,,1,100,,843,34,,,1
100000400,'Saturday-27',649,,851,34,,,1,100,,844,34,,,1,100,,852,34,,,1,100,,845,34,,,1,100,,848,34,,,1,100,,853,34,,,1,100,,846,34,,,1,100,,849,34,,,1,100,,854,34,,,1,100,,847,34,,,1,100,,850,34,,,1,100,,855,34,,,1
100000400,'Weekday-23',556,,871,10,,,1,60,,869,10,,,1,20,,861,10,,,1,20,,863,10,,,1,47,,857,34,,,1,34,,858,34,,,1,20,,879,34,,,1,60,,859,34,,,1,39,,860,34,,,1,70,,880,34,,,1,100,,881,34,,,1,100,,862,34,,,1,100,,866,34,,,1,100,,867,34,,,1,29,,868,34,,,1,101,,872,34,,,1,63,,870,34,,,1,35,,875,34,,,1,62,,877,34,,,1,20,,856,34,,,1,20,,873,34,,,1,60,,865,34,,,1,18,,878,34,,,1,20,,874,34,,,1,61,,864,34,,,1,21,,876,34,,,1
100000400,'Weekday-24',556,,902,10,,,1,60,,900,10,,,1,20,,886,10,,,1,20,,903,10,,,1,47,,882,34,,,1,34,,883,34,,,1,20,,905,34,,,1,60,,884,34,,,1,39,,885,34,,,1,70,,906,34,,,1,100,,907,34,,,1,100,,887,34,,,1,100,,897,34,,,1,100,,898,34,,,1,29,,899,34,,,1,101,,904,34,,,1,63,,901,34,,,1,35,,888,34,,,1,62,,894,34,,,1,20,,889,34,,,1,20,,895,34,,,1,60,,890,34,,,1,18,,896,34,,,1,20,,891,34,,,1,61,,893,34,,,1,21,,892,34,,,1
100000400,'Weekday-28',717,,917,34,,,1,32,,918,34,,,1,70,,919,34,,,1,29,,920,34,,,1,102,,916,34,,,1,100,,913,34,,,1,100,,914,34,,,1,100,,921,34,,,1,100,,915,34,,,1,100,,922,34,,,1,68,,923,34,,,1,97,,908,34,,,1,32,,909,34,,,1,71,,910,34,,,1,27,,911,34,,,1,70,,912,34,,,1
100000801,'Saturday-25',647,,1266,31,,,1,100,,1267,31,,,1,100,,1268,31,,,1,100,,1269,31,,,1,100,,1270,31,,,1,100,,1271,31,,,1,100,,1272,31,,,1,100,,1273,31,,,1,100,,1274,31,,,1,100,,1275,31,,,1,100,,1276,31,,,1,100,,1277,31,,,1
100000801,'Saturday-27',647,,1278,31,,,1,100,,1279,31,,,1,100,,1280,31,,,1,100,,1281,31,,,1,100,,1282,31,,,1,100,,1283,31,,,1,100,,1284,31,,,1,100,,1285,31,,,1,100,,1286,31,,,1,100,,1287,31,,,1,100,,1288,31,,,1,100,,1289,31,,,1
100000801,'Weekday-23',854,,1304,31,,,1,100,,1302,31,,,1,100,,1295,31,,,1,101,,1303,31,,,1,100,,1294,31,,,1,100,,1305,31,,,1,100,,1306,31,,,1,61,,1296,31,,,1,36,,1297,31,,,1,60,,1292,31,,,1,20,,1298,31,,,1,21,,1291,31,,,1,59,,1301,31,,,1,21,,1290,31,,,1,20,,1300,31,,,1,62,,1293,31,,,1,19,,1299,31,,,1
100000801,'Weekday-24',854,,1321,31,,,1,100,,1319,31,,,1,100,,1312,31,,,1,101,,1320,31,,,1,100,,1311,31,,,1,100,,1322,31,,,1,100,,1323,31,,,1,61,,1313,31,,,1,36,,1314,31,,,1,60,,1309,31,,,1,20,,1318,31,,,1,21,,1308,31,,,1,59,,1317,31,,,1,21,,1307,31,,,1,20,,1316,31,,,1,62,,1310,31,,,1,19,,1315,31,,,1
100000801,'Weekday-28',947,,1327,31,,,1,100,,1326,31,,,1,101,,1324,31,,,1,100,,1325,31,,,1,100,,1328,31,,,1,67,,1329,31,,,1,33,,1330,31,,,1,67,,1331,31,,,1,30,,1332,31,,,1,70,,1333,31,,,1,30,,1334,31,,,1,70,,1335,31,,,1,30,,1336,31,,,1,70,,1337,31,,,1
100001400,'Saturday-25',622,,1430,10,,,1,100,,1421,10,,,1,100,,1431,10,,,1,100,,1422,10,,,1,100,,1432,10,,,1,100,,1423,10,,,1,100,,1433,10,,,1,100,,1424,10,,,1,100,,1434,10,,,1,100,,1425,10,,,1,100,,1435,10,,,1,100,,1426,10,,,1,100,,1436,10,,,1,100,,1427,10,,,1,100,,1437,10,,,1,100,,1428,10,,,1,100,,1438,10,,,1,100,,1429,10,,,1
100001400,'Saturday-27',622,,1448,10,,,1,100,,1439,10,,,1,100,,1449,10,,,1,100,,1440,10,,,1,100,,1450,10,,,1,100,,1441,10,,,1,100,,1451,10,,,1,100,,1442,10,,,1,100,,1452,10,,,1,100,,1443,10,,,1,100,,1453,10,,,1,100,,1444,10,,,1,100,,1454,10,,,1,100,,1445,10,,,1,100,,1455,10,,,1,100,,1446,10,,,1,100,,1456,10,,,1,100,,1447,10,,,1
100001400,'Sunday-19',628,,1463,10,,,1,100,,1457,10,,,1,100,,1464,10,,,1,100,,1458,10,,,1,100,,1465,10,,,1,100,,1459,10,,,1,100,,1466,10,,,1,100,,1460,10,,,1,100,,1467,10,,,1,100,,1461,10,,,1,100,,1468,10,,,1,100,,1462,10,,,1,100,,1469,10,,,1
100001400,'Weekday-23',536,,1480,10,,,1,20,,1483,10,,,1,60,,1489,10,,,1,20,,1484,10,,,1,20,,1490,10,,,1,60,,1482,10,,,1,21,,1475,10,,,1,20,,1485,10,,,1,60,,1476,10,,,1,40,,1477,10,,,1,70,,1478,10,,,1,100,,1486,10,,,1,100,,1487,10,,,1,100,,1503,10,,,1,100,,1504,10,,,1,100,,1488,10,,,1,92,,1479,10,,,1,22,,1481,10,,,1,16,,1473,10,,,1,60,,1470,10,,,1,20,,1493,10,,,1,20,,1496,10,,,1,60,,1494,10,,,1,20,,1501,10,,,1,20,,1495,10,,,1,60,,1502,10,,,1,20,,1472,10,,,1,20,,1474,10,,,1,61,,1471,10,,,1,19,,1497,10,,,1,69,,1500,10,,,1,31,,1498,10,,,1,100,,1491,10,,,1,100,,1499,10,,,1,100,,1492,10,,,1
100001400,'Weekday-24',536,,1514,10,,,1,20,,1517,10,,,1,60,,1528,10,,,1,20,,1518,10,,,1,20,,1529,10,,,1,60,,1516,10,,,1,21,,1509,10,,,1,20,,1519,10,,,1,60,,1510,10,,,1,40,,1511,10,,,1,70,,1512,10,,,1,100,,1525,10,,,1,100,,1526,10,,,1,100,,1538,10,,,1,100,,1539,10,,,1,100,,1527,10,,,1,92,,1513,10,,,1,22,,1515,10,,,1,16,,1507,10,,,1,60,,1534,10,,,1,20,,1506,10,,,1,20,,1533,10,,,1,60,,1524,10,,,1,20,,1537,10,,,1,20,,1536,10,,,1,60,,1535,10,,,1,20,,1532,10,,,1,20,,1508,10,,,1,61,,1505,10,,,1,19,,1520,10,,,1,69,,1523,10,,,1,31,,1521,10,,,1,100,,1530,10,,,1,100,,1522,10,,,1,100,,1531,10,,,1
100001400,'Weekday-28',551,,1540,10,,,1,70,,1541,10,,,1,30,,1542,10,,,1,70,,1543,10,,,1,30,,1544,10,,,1,70,,1545,10,,,1,100,,1549,10,,,1,100,,1547,10,,,1,100,,1548,10,,,1,100,,1558,10,,,1,100,,1546,10,,,1,100,,1561,10,,,1,100,,1550,10,,,1,30,,1556,10,,,1,70,,1551,10,,,1,30,,1552,10,,,1,70,,1553,10,,,1,30,,1557,10,,,1,70,,1554,10,,,1,100,,1565,10,,,1,100,,1559,10,,,1,100,,1562,10,,,1,100,,1560,10,,,1,100,,1563,10,,,1
