100000400,'Saturday-27',642,,851,24,,,1,100,,844,24,,,1,100,,852,24,,,1,100,,845,24,,,1,100,,848,24,,,1,100,,853,24,,,1,100,,846,24,,,1,100,,849,24,,,1,100,,854,24,,,1,100,,847,24,,,1,100,,850,24,,,1,100,,855,24,,,1
100000400,'Saturday-30',642,,3013,24,,,1,100,,3006,24,,,1,100,,3014,24,,,1,100,,3007,24,,,1,100,,3010,24,,,1,100,,3015,24,,,1,100,,3008,24,,,1,100,,3011,24,,,1,100,,3016,24,,,1,100,,3009,24,,,1,100,,3012,24,,,1,100,,3017,24,,,1
100000400,'Weekday-23',657,,857,24,,,1,73,,858,24,,,1,20,,879,24,,,1,60,,859,24,,,1,39,,860,24,,,1,70,,880,24,,,1,100,,881,24,,,1,100,,862,24,,,1,100,,866,24,,,1,101,,867,24,,,1,29,,868,24,,,1,99,,872,24,,,1,63,,870,24,,,1,36,,875,24,,,1,62,,877,24,,,1,19,,856,24,,,1,20,,873,24,,,1,61,,865,24,,,1,16,,878,24,,,1,20,,874,24,,,1,63,,864,24,,,1,21,,876,24,,,1
100000400,'Weekday-29',657,,3019,24,,,1,73,,3020,24,,,1,20,,3039,24,,,1,60,,3021,24,,,1,39,,3022,24,,,1,70,,3040,24,,,1,100,,3041,24,,,1,100,,3024,24,,,1,100,,3028,24,,,1,101,,3029,24,,,1,29,,3030,24,,,1,99,,3032,24,,,1,63,,3031,24,,,1,36,,3033,24,,,1,62,,3037,24,,,1,19,,3018,24,,,1,20,,3043,24,,,1,61,,3027,24,,,1,16,,3038,24,,,1,20,,3036,24,,,1,63,,3026,24,,,1,21,,3034,24,,,1
100000400,'Weekday-32',657,,3044,24,,,1,73,,3045,24,,,1,20,,3060,24,,,1,60,,3046,24,,,1,39,,3047,24,,,1,70,,3061,24,,,1,100,,3062,24,,,1,100,,3049,24,,,1,100,,3066,24,,,1,101,,3056,24,,,1,29,,3057,24,,,1,99,,3059,24,,,1,63,,3067,24,,,1,36,,3050,24,,,1,62,,3063,24,,,1,19,,3051,24,,,1,20,,3064,24,,,1,61,,3052,24,,,1,16,,3065,24,,,1,20,,3053,24,,,1,63,,3055,24,,,1,21,,3054,24,,,1
100000400,'Weekday-33',711,,3079,24,,,1,31,,3080,24,,,1,70,,3081,24,,,1,28,,3082,24,,,1,103,,3078,24,,,1,100,,3075,24,,,1,100,,3076,24,,,1,100,,3085,24,,,1,101,,3077,24,,,1,100,,3083,24,,,1,67,,3084,24,,,1,97,,3070,24,,,1,31,,3071,24,,,1,71,,3072,24,,,1,26,,3073,24,,,1,72,,3074,24,,,1
100000600,'Saturday-27',554,,1034,11,,,1,100,,1035,11,,,1,100,,1036,11,,,1,100,,1037,11,,,1,100,,1038,11,,,1,100,,1039,11,,,1,100,,1040,11,,,1,100,,1041,11,,,1,100,,1042,11,,,1,100,,1043,11,,,1,100,,1044,11,,,1,100,,1045,11,,,1,100,,1046,11,,,1
100000600,'Saturday-30',554,,3170,11,,,1,100,,3171,11,,,1,100,,3172,11,,,1,100,,3173,11,,,1,100,,3174,11,,,1,100,,3175,11,,,1,100,,3176,11,,,1,100,,3177,11,,,1,100,,3178,11,,,1,100,,3179,11,,,1,100,,3180,11,,,1,100,,3181,11,,,1,100,,3182,11,,,1
100000600,'Weekday-23',544,,1055,11,,,1,60,,1052,11,,,1,20,,1056,11,,,1,20,,1051,11,,,1,60,,1048,11,,,1,20,,1058,11,,,1,18,,1047,11,,,1,60,,1061,11,,,1,40,,1065,11,,,1,100,,1059,11,,,1,100,,1050,11,,,1,100,,1070,11,,,1,100,,1060,11,,,1,100,,1068,11,,,1,100,,1057,11,,,1,60,,1062,11,,,1,40,,1066,11,,,1,60,,1069,11,,,1,20,,1063,11,,,1,20,,1067,11,,,1,60,,1053,11,,,1,20,,1049,11,,,1,20,,1064,11,,,1,80,,1054,11,,,1
100000600,'Weekday-29',544,,3191,11,,,1,60,,3188,11,,,1,20,,3192,11,,,1,20,,3187,11,,,1,60,,3184,11,,,1,20,,3194,11,,,1,18,,3183,11,,,1,60,,3197,11,,,1,40,,3201,11,,,1,100,,3195,11,,,1,100,,3186,11,,,1,100,,3205,11,,,1,100,,3196,11,,,1,100,,3206,11,,,1,100,,3193,11,,,1,60,,3198,11,,,1,40,,3204,11,,,1,60,,3203,11,,,1,20,,3199,11,,,1,20,,3202,11,,,1,60,,3189,11,,,1,20,,3185,11,,,1,20,,3200,11,,,1,80,,3190,11,,,1
100000600,'Weekday-32',544,,3216,11,,,1,60,,3213,11,,,1,20,,3217,11,,,1,20,,3212,11,,,1,60,,3209,11,,,1,20,,3218,11,,,1,18,,3208,11,,,1,60,,3221,11,,,1,40,,3222,11,,,1,100,,3219,11,,,1,100,,3211,11,,,1,100,,3224,11,,,1,100,,3220,11,,,1,100,,3229,11,,,1,100,,3225,11,,,1,60,,3226,11,,,1,40,,3223,11,,,1,60,,3230,11,,,1,20,,3227,11,,,1,20,,3207,11,,,1,60,,3214,11,,,1,20,,3210,11,,,1,20,,3228,11,,,1,80,,3215,11,,,1
100000600,'Weekday-33',538,,3245,11,,,1,70,,3246,11,,,1,30,,3243,11,,,1,70,,3239,11,,,1,30,,3244,11,,,1,70,,3240,11,,,1,100,,3241,11,,,1,100,,3248,11,,,1,100,,3242,11,,,1,100,,3249,11,,,1,100,,3237,11,,,1,100,,3247,11,,,1,100,,3238,11,,,1,30,,3233,11,,,1,70,,3234,11,,,1,30,,3231,11,,,1,70,,3235,11,,,1,30,,3232,11,,,1,70,,3236,11,,,1
