20101,'Saturday-25',651,,145,27,,,1,100,,155,27,,,1,100,,146,27,,,1,100,,156,27,,,1,100,,147,27,,,1,100,,157,27,,,1,100,,148,27,,,1,100,,158,27,,,1,100,,149,27,,,1,100,,159,27,,,1,100,,150,27,,,1,100,,160,27,,,1,100,,151,27,,,1,100,,161,27,,,1,100,,152,27,,,1,100,,162,27,,,1,100,,153,27,,,1
20101,'Saturday-27',651,,164,27,,,1,100,,174,27,,,1,100,,165,27,,,1,100,,175,27,,,1,100,,166,27,,,1,100,,176,27,,,1,100,,167,27,,,1,100,,177,27,,,1,100,,168,27,,,1,100,,178,27,,,1,100,,169,27,,,1,100,,179,27,,,1,100,,170,27,,,1,100,,180,27,,,1,100,,171,27,,,1,100,,181,27,,,1,100,,172,27,,,1
20101,'Sunday-19',649,,183,27,,,1,100,,190,27,,,1,100,,184,27,,,1,100,,191,27,,,1,100,,185,27,,,1,100,,192,27,,,1,100,,186,27,,,1,100,,193,27,,,1,100,,187,27,,,1,100,,194,27,,,1,100,,188,27,,,1,100,,195,27,,,1
20101,'Weekday-23',634,,211,27,,,1,70,,217,27,,,1,24,,208,27,,,1,20,,226,27,,,1,80,,212,27,,,1,97,,219,27,,,1,100,,220,27,,,1,100,,218,27,,,1,100,,221,27,,,1,100,,223,27,,,1,100,,197,27,,,1,20,,207,27,,,1,80,,224,27,,,1,23,,222,27,,,1,60,,199,27,,,1,20,,227,27,,,1,20,,201,27,,,1,60,,225,27,,,1,20,,209,27,,,1,21,,210,27,,,1,61,,213,27,,,1,16,,198,27,,,1,87,,216,27,,,1,25,,205,27,,,1,67,,200,27,,,1,100,,206,27,,,1,100,,214,27,,,1,100,,203,27,,,1
20101,'Weekday-24',634,,248,27,,,1,70,,253,27,,,1,24,,240,27,,,1,20,,241,27,,,1,80,,250,27,,,1,97,,255,27,,,1,100,,249,27,,,1,100,,254,27,,,1,100,,251,27,,,1,100,,256,27,,,1,100,,244,27,,,1,20,,239,27,,,1,80,,257,27,,,1,23,,252,27,,,1,60,,229,27,,,1,20,,242,27,,,1,20,,233,27,,,1,60,,258,27,,,1,20,,246,27,,,1,21,,243,27,,,1,61,,247,27,,,1,16,,245,27,,,1,87,,228,27,,,1,25,,237,27,,,1,67,,230,27,,,1,100,,238,27,,,1,100,,231,27,,,1,100,,235,27,,,1
20101,'Weekday-28',651,,261,27,,,1,70,,262,27,,,1,30,,280,27,,,1,70,,270,27,,,1,30,,260,27,,,1,100,,272,27,,,1,100,,279,27,,,1,100,,264,27,,,1,100,,263,27,,,1,100,,282,27,,,1,100,,259,27,,,1,100,,283,27,,,1,70,,278,27,,,1,30,,265,27,,,1,70,,271,27,,,1,30,,284,27,,,1,69,,266,27,,,1,29,,273,27,,,1,70,,274,27,,,1,30,,267,27,,,1,100,,275,27,,,1,100,,268,27,,,1,100,,276,27,,,1
20301,'Weekday-23',728,,532,12,,,1,20,,535,12,,,1,80,,529,12,,,1,97,,550,12,,,1,100,,536,12,,,1,100,,530,12,,,1,100,,537,12,,,1,100,,538,12,,,1,100,,534,12,,,1,20,,547,12,,,1,80,,528,12,,,1,105,,539,12,,,1,78,,533,12,,,1,22,,546,12,,,1,80,,549,12,,,1,16,,548,12,,,1,79,,531,12,,,1,33,,540,12,,,1
20301,'Weekday-24',728,,557,12,,,1,20,,559,12,,,1,80,,567,12,,,1,97,,563,12,,,1,100,,560,12,,,1,100,,568,12,,,1,100,,561,12,,,1,100,,565,12,,,1,100,,569,12,,,1,20,,572,12,,,1,80,,562,12,,,1,105,,566,12,,,1,78,,558,12,,,1,22,,571,12,,,1,80,,564,12,,,1,16,,573,12,,,1,79,,551,12,,,1,33,,570,12,,,1
20301,'Weekday-28',720,,577,12,,,1,30,,579,12,,,1,70,,583,12,,,1,30,,578,12,,,1,100,,584,12,,,1,100,,581,12,,,1,100,,585,12,,,1,100,,582,12,,,1,100,,586,12,,,1,100,,590,12,,,1,100,,587,12,,,1,70,,574,12,,,1,30,,591,12,,,1,72,,588,12,,,1,28,,575,12,,,1,70,,592,12,,,1
20401,'Weekday-23',1548,,617,9,,,1,101,,618,9,,,1,99,,620,9,,,1
20401,'Weekday-24',1548,,622,9,,,1,101,,623,9,,,1,99,,624,9,,,1
20801,'Weekday-23',1548,,756,10,,,1,60,,753,10,,,1,20,,758,10,,,1,20,,754,10,,,1,60,,752,10,,,1,20,,755,10,,,1,21,,757,10,,,1
20801,'Weekday-24',1548,,759,10,,,1,60,,763,10,,,1,20,,765,10,,,1,20,,761,10,,,1,60,,760,10,,,1,20,,762,10,,,1,21,,764,10,,,1
21101,'Weekday-23',1608,,776,12,,,1,40,,775,12,,,1,60,,772,12,,,1,20,,773,12,,,1,21,,774,12,,,1
21101,'Weekday-24',1608,,781,12,,,1,40,,779,12,,,1,60,,777,12,,,1,20,,778,12,,,1,21,,780,12,,,1
