100002101,'Weekday-23',657,,1718,21,,,1,66,,1720,21,,,1,19,,1719,21,,,1
100002101,'Weekday-29',657,,3806,21,,,1,66,,3808,21,,,1,19,,3807,21,,,1
100002101,'Weekday-32',657,,3809,21,,,1,66,,3811,21,,,1,19,,3810,21,,,1
100002200,'Weekday-23',545,,1735,7,,,1,59,,1733,7,,,1,20,,1736,7,,,1,21,,1732,15,,,1,156,,1734,15,,,1
100002200,'Weekday-29',545,,3823,7,,,1,59,,3821,7,,,1,20,,3824,7,,,1,21,,3820,15,,,1,156,,3822,15,,,1
100002200,'Weekday-32',545,,3828,7,,,1,59,,3826,7,,,1,20,,3829,7,,,1,21,,3825,15,,,1,156,,3827,15,,,1
100003101,'Saturday-27',628,,1857,20,,,1,100,,1858,20,,,1,100,,1859,20,,,1,100,,1860,20,,,1,100,,1865,20,,,1,100,,1861,20,,,1,100,,1866,20,,,1,100,,1862,20,,,1,100,,1867,20,,,1,100,,1863,20,,,1,100,,1868,20,,,1,100,,1864,20,,,1,100,,1869,20,,,1
100003101,'Saturday-30',628,,3919,20,,,1,100,,3920,20,,,1,100,,3921,20,,,1,100,,3922,20,,,1,100,,3927,20,,,1,100,,3923,20,,,1,100,,3928,20,,,1,100,,3924,20,,,1,100,,3929,20,,,1,100,,3925,20,,,1,100,,3930,20,,,1,100,,3926,20,,,1,100,,3931,20,,,1
100003101,'Weekday-23',820,,1880,20,,,1,81,,1872,20,,,1,100,,1873,20,,,1,100,,1874,20,,,1,100,,1875,20,,,1,100,,1876,20,,,1,100,,1877,20,,,1,100,,1878,20,,,1,15,,1881,20,,,1,85,,1879,20,,,1,99,,1871,20,,,1,40,,1870,20,,,1,80,,1882,20,,,1
100003101,'Weekday-29',820,,3942,20,,,1,81,,3934,20,,,1,100,,3935,20,,,1,100,,3936,20,,,1,100,,3937,20,,,1,100,,3938,20,,,1,100,,3939,20,,,1,100,,3940,20,,,1,15,,3943,20,,,1,85,,3941,20,,,1,99,,3933,20,,,1,40,,3932,20,,,1,80,,3944,20,,,1
100003101,'Weekday-32',820,,3954,20,,,1,81,,3946,20,,,1,100,,3947,20,,,1,100,,3948,20,,,1,100,,3949,20,,,1,100,,3950,20,,,1,100,,3951,20,,,1,100,,3952,20,,,1,15,,3955,20,,,1,85,,3953,20,,,1,99,,3945,20,,,1,40,,3957,20,,,1,80,,3956,20,,,1
100003101,'Weekday-33',558,,3977,16,,,1,67,,3972,16,,,1,30,,3960,16,,,1,71,,3964,20,,,1,30,,3958,20,,,1,70,,3965,20,,,1,30,,3959,20,,,1,70,,3966,20,,,1,100,,3967,20,,,1,100,,3968,20,,,1,100,,3969,20,,,1,100,,3973,20,,,1,100,,3974,20,,,1,100,,3975,20,,,1,30,,3961,20,,,1,70,,3976,20,,,1,29,,3962,20,,,1,70,,3970,20,,,1,30,,3963,20,,,1,70,,3971,20,,,1
