20200,'Weekday-23',611,,305,8,,,1,20,,294,8,,,1,20,,289,8,,,1,60,,303,8,,,1,20,,291,8,,,1,20,,288,8,,,1,60,,308,8,,,1,20,,295,8,,,1,80,,297,8,,,1,100,,307,8,,,1,100,,298,8,,,1,100,,306,8,,,1,100,,299,8,,,1,100,,300,8,,,1,100,,304,8,,,1,23,,296,8,,,1,77,,286,8,,,1,22,,290,8,,,1,18,,285,8,,,1,60,,287,8,,,1,20,,292,8,,,1,20,,302,8,,,1,80,,293,8,,,1,20,,301,8,,,1
20200,'Weekday-29',611,,2515,8,,,1,20,,2504,8,,,1,20,,2499,8,,,1,60,,2511,8,,,1,20,,2501,8,,,1,20,,2498,8,,,1,60,,2518,8,,,1,20,,2505,8,,,1,80,,2507,8,,,1,100,,2517,8,,,1,100,,2508,8,,,1,100,,2516,8,,,1,100,,2509,8,,,1,100,,2510,8,,,1,100,,2512,8,,,1,23,,2506,8,,,1,77,,2496,8,,,1,22,,2500,8,,,1,18,,2495,8,,,1,60,,2497,8,,,1,20,,2502,8,,,1,20,,2514,8,,,1,80,,2503,8,,,1,20,,2513,8,,,1
20200,'Weekday-32',611,,2536,8,,,1,20,,2527,8,,,1,20,,2522,8,,,1,60,,2533,8,,,1,20,,2524,8,,,1,20,,2521,8,,,1,60,,2539,8,,,1,20,,2528,8,,,1,80,,2530,8,,,1,100,,2538,8,,,1,100,,2531,8,,,1,100,,2537,8,,,1,100,,2532,8,,,1,100,,2542,8,,,1,100,,2535,8,,,1,23,,2529,8,,,1,77,,2519,8,,,1,22,,2523,8,,,1,18,,2540,8,,,1,60,,2520,8,,,1,20,,2525,8,,,1,20,,2541,8,,,1,80,,2526,8,,,1,20,,2534,8,,,1
20200,'Weekday-33',607,,2544,8,,,1,30,,2548,8,,,1,70,,2552,8,,,1,30,,2543,8,,,1,70,,2547,8,,,1,30,,2550,8,,,1,100,,2546,8,,,1,100,,2555,8,,,1,100,,2554,8,,,1,100,,2556,8,,,1,100,,2553,8,,,1,100,,2557,8,,,1,100,,2551,8,,,1,70,,2559,8,,,1,30,,2545,8,,,1,70,,2549,8,,,1,30,,2558,8,,,1
100003101,'Saturday-27',634,,1857,27,,,1,100,,1858,27,,,1,100,,1859,27,,,1,100,,1860,27,,,1,100,,1865,27,,,1,100,,1861,27,,,1,100,,1866,27,,,1,100,,1862,27,,,1,100,,1867,27,,,1,100,,1863,27,,,1,100,,1868,27,,,1,100,,1864,27,,,1,100,,1869,27,,,1
100003101,'Saturday-30',634,,3919,27,,,1,100,,3920,27,,,1,100,,3921,27,,,1,100,,3922,27,,,1,100,,3927,27,,,1,100,,3923,27,,,1,100,,3928,27,,,1,100,,3924,27,,,1,100,,3929,27,,,1,100,,3925,27,,,1,100,,3930,27,,,1,100,,3926,27,,,1,100,,3931,27,,,1
100003101,'Weekday-23',827,,1880,27,,,1,81,,1872,27,,,1,100,,1873,27,,,1,100,,1874,27,,,1,100,,1875,27,,,1,100,,1876,27,,,1,100,,1877,27,,,1,100,,1878,27,,,1,15,,1881,27,,,1,85,,1879,27,,,1,99,,1871,27,,,1,40,,1870,27,,,1,80,,1882,27,,,1
100003101,'Weekday-29',827,,3942,27,,,1,81,,3934,27,,,1,100,,3935,27,,,1,100,,3936,27,,,1,100,,3937,27,,,1,100,,3938,27,,,1,100,,3939,27,,,1,100,,3940,27,,,1,15,,3943,27,,,1,85,,3941,27,,,1,99,,3933,27,,,1,40,,3932,27,,,1,80,,3944,27,,,1
100003101,'Weekday-32',827,,3954,27,,,1,81,,3946,27,,,1,100,,3947,27,,,1,100,,3948,27,,,1,100,,3949,27,,,1,100,,3950,27,,,1,100,,3951,27,,,1,100,,3952,27,,,1,15,,3955,27,,,1,85,,3953,27,,,1,99,,3945,27,,,1,40,,3957,27,,,1,80,,3956,27,,,1
100003101,'Weekday-33',604,,3977,23,,,1,28,,3972,23,,,1,70,,3960,23,,,1,31,,3964,27,,,1,70,,3958,27,,,1,30,,3965,27,,,1,70,,3959,27,,,1,30,,3966,27,,,1,100,,3967,27,,,1,100,,3968,27,,,1,100,,3969,27,,,1,100,,3973,27,,,1,100,,3974,27,,,1,100,,3975,27,,,1,70,,3961,27,,,1,30,,3976,27,,,1,69,,3962,27,,,1,30,,3970,27,,,1,70,,3963,27,,,1,30,,3971,27,,,1
