100000501,'Saturday-25',607,,936,10,,,1,100,,931,15,,,1,100,,924,15,,,1,100,,932,15,,,1,100,,925,15,,,1,100,,933,15,,,1,100,,926,15,,,1,100,,929,15,,,1,100,,934,15,,,1,100,,927,15,,,1,100,,930,15,,,1,100,,935,15,,,1,100,,928,15,,,1
100000501,'Saturday-27',607,,949,10,,,1,100,,944,15,,,1,100,,937,15,,,1,100,,945,15,,,1,100,,938,15,,,1,100,,946,15,,,1,100,,939,15,,,1,100,,942,15,,,1,100,,947,15,,,1,100,,940,15,,,1,100,,943,15,,,1,100,,948,15,,,1,100,,941,15,,,1
100000501,'Weekday-23',522,,958,10,,,1,20,,962,10,,,1,60,,964,10,,,1,20,,953,10,,,1,20,,956,10,,,1,62,,952,15,,,1,18,,957,15,,,1,20,,963,15,,,1,63,,973,15,,,1,40,,951,15,,,1,99,,971,15,,,1,100,,965,15,,,1,100,,950,15,,,1,100,,974,15,,,1,100,,967,15,,,1,99,,966,15,,,1,65,,968,15,,,1,37,,969,15,,,1,62,,959,15,,,1,18,,960,15,,,1,20,,975,15,,,1,60,,961,15,,,1,19,,970,15,,,1,20,,954,15,,,1,61,,972,15,,,1,20,,955,15,,,1
100000501,'Weekday-24',522,,982,10,,,1,20,,986,10,,,1,60,,988,10,,,1,20,,977,10,,,1,20,,980,10,,,1,62,,976,15,,,1,18,,981,15,,,1,20,,987,15,,,1,63,,999,15,,,1,40,,997,15,,,1,99,,998,15,,,1,100,,989,15,,,1,100,,992,15,,,1,100,,1000,15,,,1,100,,991,15,,,1,99,,990,15,,,1,65,,993,15,,,1,37,,994,15,,,1,62,,983,15,,,1,18,,984,15,,,1,20,,1001,15,,,1,60,,985,15,,,1,19,,995,15,,,1,20,,978,15,,,1,61,,996,15,,,1,20,,979,15,,,1
100000501,'Weekday-28',534,,1002,10,,,1,70,,1003,10,,,1,30,,1010,10,,,1,72,,1011,15,,,1,28,,1012,15,,,1,73,,1013,15,,,1,30,,1014,15,,,1,69,,1015,15,,,1,100,,1016,15,,,1,100,,1004,15,,,1,100,,1005,15,,,1,100,,1017,15,,,1,100,,1020,15,,,1,101,,1009,15,,,1,29,,1018,10,,,1,71,,1019,15,,,1,100,,1006,15,,,1,29,,1007,15,,,1,71,,1008,15,,,1
100000601,'Saturday-25',631,,1114,17,,,1,100,,1115,17,,,1,100,,1116,17,,,1,100,,1117,17,,,1,100,,1118,17,,,1,100,,1119,17,,,1,100,,1120,17,,,1,100,,1121,17,,,1,100,,1122,17,,,1,100,,1123,17,,,1,100,,1124,17,,,1,100,,1125,17,,,1,100,,1126,17,,,1
100000601,'Saturday-27',631,,1127,17,,,1,100,,1128,17,,,1,100,,1129,17,,,1,100,,1130,17,,,1,100,,1131,17,,,1,100,,1132,17,,,1,100,,1133,17,,,1,100,,1134,17,,,1,100,,1135,17,,,1,100,,1136,17,,,1,100,,1137,17,,,1,100,,1138,17,,,1,100,,1139,17,,,1
100000601,'Weekday-23',811,,1151,17,,,1,40,,1146,17,,,1,100,,1142,17,,,1,100,,1157,17,,,1,100,,1147,17,,,1,102,,1156,17,,,1,100,,1145,17,,,1,100,,1148,17,,,1,62,,1152,17,,,1,36,,1150,17,,,1,62,,1155,17,,,1,18,,1144,17,,,1,20,,1141,17,,,1,60,,1149,17,,,1,21,,1154,17,,,1,20,,1143,17,,,1,61,,1153,17,,,1,21,,1140,17,,,1
100000601,'Weekday-24',811,,1172,17,,,1,40,,1167,17,,,1,100,,1163,17,,,1,100,,1175,17,,,1,100,,1168,17,,,1,102,,1174,17,,,1,100,,1166,17,,,1,100,,1169,17,,,1,62,,1173,17,,,1,36,,1171,17,,,1,62,,1160,17,,,1,18,,1165,17,,,1,20,,1162,17,,,1,60,,1170,17,,,1,21,,1159,17,,,1,20,,1164,17,,,1,61,,1158,17,,,1,21,,1161,17,,,1
100000601,'Weekday-28',713,,1189,17,,,1,30,,1186,17,,,1,70,,1190,17,,,1,30,,1187,17,,,1,70,,1176,17,,,1,100,,1188,17,,,1,100,,1191,17,,,1,100,,1185,17,,,1,100,,1181,17,,,1,100,,1184,17,,,1,100,,1179,17,,,1,100,,1180,17,,,1,30,,1183,17,,,1,70,,1178,17,,,1,30,,1182,17,,,1,70,,1177,17,,,1
