20200,'Weekday-23',606,,305,3,,,1,20,,294,3,,,1,20,,289,3,,,1,60,,303,3,,,1,20,,291,3,,,1,20,,288,3,,,1,60,,308,3,,,1,20,,295,3,,,1,80,,297,3,,,1,100,,307,3,,,1,100,,298,3,,,1,100,,306,3,,,1,100,,299,3,,,1,100,,300,3,,,1,100,,304,3,,,1,23,,296,3,,,1,77,,286,3,,,1,22,,290,3,,,1,18,,285,3,,,1,60,,287,3,,,1,20,,292,3,,,1,20,,302,3,,,1,80,,293,3,,,1,20,,301,3,,,1
20200,'Weekday-24',606,,329,3,,,1,20,,319,3,,,1,20,,313,3,,,1,60,,326,3,,,1,20,,315,3,,,1,20,,312,3,,,1,60,,332,3,,,1,20,,320,3,,,1,80,,322,3,,,1,100,,331,3,,,1,100,,323,3,,,1,100,,330,3,,,1,100,,324,3,,,1,100,,325,3,,,1,100,,328,3,,,1,23,,321,3,,,1,77,,310,3,,,1,22,,314,3,,,1,18,,309,3,,,1,60,,311,3,,,1,20,,316,3,,,1,20,,318,3,,,1,80,,317,3,,,1,20,,327,3,,,1
20200,'Weekday-28',602,,334,3,,,1,30,,338,3,,,1,70,,342,3,,,1,30,,333,3,,,1,70,,337,3,,,1,30,,340,3,,,1,100,,336,3,,,1,100,,345,3,,,1,100,,344,3,,,1,100,,346,3,,,1,100,,343,3,,,1,100,,347,3,,,1,100,,341,3,,,1,70,,349,3,,,1,30,,335,3,,,1,70,,339,3,,,1,30,,348,3,,,1
100002101,'Weekday-23',646,,1718,3,,,1,64,,1720,3,,,1,19,,1719,3,,,1
100002101,'Weekday-24',646,,1721,3,,,1,64,,1723,3,,,1,19,,1722,3,,,1
100002101,'Weekday-28',702,,1724,3,0,6,1,30,,1725,3,0,6,1,70,,1726,3,0,6,1,30,,1727,3,0,6,1,670,,1728,3,0,6,1,100,,1730,3,0,6,1,30,,1731,3,0,6,1,70,,1729,3,0,6,1
100003101,'Saturday-25',617,,1844,3,,,1,100,,1845,3,,,1,100,,1846,3,,,1,100,,1847,3,,,1,100,,1852,3,,,1,100,,1848,3,,,1,100,,1853,3,,,1,100,,1849,3,,,1,100,,1854,3,,,1,100,,1850,3,,,1,100,,1855,3,,,1,100,,1851,3,,,1,100,,1856,3,,,1
100003101,'Saturday-27',617,,1857,3,,,1,100,,1858,3,,,1,100,,1859,3,,,1,100,,1860,3,,,1,100,,1865,3,,,1,100,,1861,3,,,1,100,,1866,3,,,1,100,,1862,3,,,1,100,,1867,3,,,1,100,,1863,3,,,1,100,,1868,3,,,1,100,,1864,3,,,1,100,,1869,3,,,1
100003101,'Weekday-23',810,,1880,3,,,1,41,,1872,3,,,1,100,,1873,3,,,1,100,,1874,3,,,1,100,,1875,3,,,1,100,,1876,3,,,1,100,,1877,3,,,1,100,,1878,3,,,1,55,,1881,3,,,1,45,,1879,3,,,1,100,,1871,3,,,1,80,,1870,3,,,1,80,,1882,3,,,1
100003101,'Weekday-24',810,,1893,3,,,1,41,,1885,3,,,1,100,,1886,3,,,1,100,,1887,3,,,1,100,,1888,3,,,1,100,,1889,3,,,1,100,,1890,3,,,1,100,,1891,3,,,1,55,,1894,3,,,1,45,,1892,3,,,1,100,,1884,3,,,1,80,,1883,3,,,1,80,,1895,3,,,1
100003101,'Weekday-28',716,,1902,3,,,1,30,,1896,3,,,1,70,,1903,3,,,1,30,,1897,3,,,1,70,,1904,3,,,1,100,,1905,3,,,1,100,,1906,3,,,1,100,,1907,3,,,1,100,,1911,3,,,1,100,,1912,3,,,1,100,,1913,3,,,1,30,,1899,3,,,1,70,,1914,3,,,1,30,,1900,3,,,1,70,,1908,3,,,1,30,,1901,3,,,1,70,,1909,3,,,1
