20100,'Weekday-23',748,,78,21,,,1,56,,76,21,,,1,23,,66,21,,,1,20,,83,21,,,1,55,,82,21,,,1,343,,53,21,,,1,462,,54,21,,,1,42,,68,21,,,1
20100,'Weekday-29',748,,2290,21,,,1,56,,2288,21,,,1,23,,2297,21,,,1,20,,2300,21,,,1,55,,2299,21,,,1,343,,2294,21,,,1,462,,2295,21,,,1,42,,2298,21,,,1
20100,'Weekday-32',748,,2323,21,,,1,56,,2302,21,,,1,23,,2318,21,,,1,20,,2320,21,,,1,55,,2333,21,,,1,343,,2325,21,,,1,462,,2326,21,,,1,42,,2324,21,,,1
20100,'Weekday-33',736,,2350,21,,,1,73,,2352,21,,,1,199,,2359,21,,,1,100,,2354,21,,,1,100,,2358,21,,,1,100,,2349,21,,,1,100,,2348,21,,,1,101,,2346,21,,,1,102,,2355,21,,,1,30,,2347,21,,,1,71,,2345,21,,,1
20101,'Holiday1-91',605,,2360,2,,,1,100,,2367,2,,,1,100,,2361,2,,,1,100,,2368,2,,,1,100,,2362,2,,,1,100,,2369,2,,,1,100,,2363,2,,,1,100,,2370,2,,,1,100,,2364,2,,,1,100,,2371,2,,,1,100,,2365,2,,,1,100,,2372,2,,,1,100,,2366,2,,,1,100,,2373,2,,,1
20101,'Saturday-27',605,,164,2,,,1,100,,174,2,,,1,100,,165,2,,,1,100,,175,2,,,1,100,,166,2,,,1,100,,176,2,,,1,100,,167,2,,,1,100,,177,2,,,1,100,,168,2,,,1,100,,178,2,,,1,100,,169,2,,,1,100,,179,2,,,1,100,,170,2,,,1,100,,180,2,,,1,100,,171,2,,,1,100,,181,2,,,1,100,,172,2,,,1,100,,182,2,,,1,100,,173,2,,,1
20101,'Saturday-30',605,,2374,2,,,1,100,,2384,2,,,1,100,,2375,2,,,1,100,,2385,2,,,1,100,,2376,2,,,1,100,,2386,2,,,1,100,,2377,2,,,1,100,,2387,2,,,1,100,,2378,2,,,1,100,,2388,2,,,1,100,,2379,2,,,1,100,,2389,2,,,1,100,,2380,2,,,1,100,,2390,2,,,1,100,,2381,2,,,1,100,,2391,2,,,1,100,,2382,2,,,1,100,,2392,2,,,1,100,,2383,2,,,1
20101,'Sunday-19',605,,183,2,,,1,100,,190,2,,,1,100,,184,2,,,1,100,,191,2,,,1,100,,185,2,,,1,100,,192,2,,,1,100,,186,2,,,1,100,,193,2,,,1,100,,187,2,,,1,100,,194,2,,,1,100,,188,2,,,1,100,,195,2,,,1,100,,189,2,,,1,100,,196,2,,,1
20101,'Sunday-31',605,,2393,2,,,1,100,,2400,2,,,1,100,,2394,2,,,1,100,,2401,2,,,1,100,,2395,2,,,1,100,,2402,2,,,1,100,,2396,2,,,1,100,,2403,2,,,1,100,,2397,2,,,1,100,,2404,2,,,1,100,,2398,2,,,1,100,,2405,2,,,1,100,,2399,2,,,1,100,,2406,2,,,1
20101,'Weekday-23',551,,211,2,,,1,70,,217,2,,,1,20,,208,2,,,1,60,,226,2,,,1,24,,212,2,,,1,118,,219,2,,,1,102,,220,2,,,1,100,,218,2,,,1,100,,221,2,,,1,93,,223,2,,,1,99,,197,2,,,1,10,,207,2,,,1,93,,224,2,,,1,14,,222,2,,,1,55,,199,2,,,1,18,,227,2,,,1,25,,201,2,,,1,56,,225,2,,,1,23,,209,2,,,1,22,,210,2,,,1,76,,213,2,,,1,12,,198,2,,,1,66,,202,2,,,1,24,,216,2,,,1,20,,205,2,,,1,70,,200,2,,,1,100,,206,2,,,1,100,,214,2,,,1,100,,203,2,,,1,100,,215,2,,,1,100,,204,2,,,1
20101,'Weekday-29',551,,2418,2,,,1,70,,2429,2,,,1,20,,2437,2,,,1,60,,2428,2,,,1,24,,2419,2,,,1,118,,2431,2,,,1,102,,2432,2,,,1,100,,2430,2,,,1,100,,2433,2,,,1,93,,2421,2,,,1,99,,2435,2,,,1,10,,2415,2,,,1,93,,2422,2,,,1,14,,2434,2,,,1,55,,2407,2,,,1,18,,2424,2,,,1,25,,2409,2,,,1,56,,2423,2,,,1,23,,2416,2,,,1,22,,2417,2,,,1,76,,2425,2,,,1,12,,2436,2,,,1,66,,2410,2,,,1,24,,2420,2,,,1,20,,2413,2,,,1,70,,2408,2,,,1,100,,2414,2,,,1,100,,2426,2,,,1,100,,2411,2,,,1,100,,2427,2,,,1,100,,2412,2,,,1
20101,'Weekday-32',551,,2461,2,,,1,70,,2438,2,,,1,20,,2453,2,,,1,60,,2454,2,,,1,24,,2463,2,,,1,118,,2440,2,,,1,102,,2462,2,,,1,100,,2439,2,,,1,100,,2464,2,,,1,93,,2466,2,,,1,99,,2457,2,,,1,10,,2452,2,,,1,93,,2467,2,,,1,14,,2465,2,,,1,55,,2442,2,,,1,18,,2455,2,,,1,25,,2446,2,,,1,56,,2468,2,,,1,23,,2459,2,,,1,22,,2456,2,,,1,76,,2460,2,,,1,12,,2458,2,,,1,66,,2447,2,,,1,24,,2441,2,,,1,20,,2450,2,,,1,70,,2443,2,,,1,100,,2451,2,,,1,100,,2444,2,,,1,100,,2448,2,,,1,100,,2445,2,,,1,100,,2449,2,,,1
20101,'Weekday-33',606,,2486,2,,,1,30,,2487,2,,,1,71,,2475,2,,,1,26,,2489,2,,,1,71,,2485,2,,,1,39,,2476,2,,,1,64,,2491,2,,,1,97,,2474,2,,,1,100,,2494,2,,,1,100,,2488,2,,,1,100,,2493,2,,,1,100,,2484,2,,,1,100,,2482,2,,,1,29,,2481,2,,,1,26,,2469,2,,,1,79,,2490,2,,,1,70,,2483,2,,,1,34,,2470,2,,,1,70,,2492,2,,,1,34,,2477,2,,,1,60,,2471,2,,,1,100,,2478,2,,,1,100,,2472,2,,,1,100,,2479,2,,,1,100,,2473,2,,,1,100,,2480,2,,,1
