100000700,'Saturday-25',702,,1193,7,,,1,100,,1194,7,,,1,100,,1195,7,,,1,100,,1196,7,,,1,100,,1201,7,,,1,100,,1197,7,,,1,100,,1202,7,,,1,100,,1198,7,,,1,100,,1203,7,,,1,100,,1199,7,,,1,100,,1204,7,,,1,100,,1200,7,,,1
100000700,'Saturday-27',702,,1206,7,,,1,100,,1207,7,,,1,100,,1208,7,,,1,100,,1209,7,,,1,100,,1214,7,,,1,100,,1210,7,,,1,100,,1215,7,,,1,100,,1211,7,,,1,100,,1216,7,,,1,100,,1212,7,,,1,100,,1217,7,,,1,100,,1213,7,,,1
100000700,'Weekday-23',659,,1231,7,,,1,60,,1219,7,,,1,20,,1222,7,,,1,20,,1224,7,,,1,80,,1227,7,,,1,100,,1230,7,,,1,100,,1226,7,,,1,100,,1221,7,,,1,100,,1225,7,,,1,100,,1228,7,,,1
100000700,'Weekday-24',659,,1241,7,,,1,60,,1232,7,,,1,20,,1235,7,,,1,20,,1237,7,,,1,80,,1242,7,,,1,100,,1245,7,,,1,100,,1239,7,,,1,100,,1234,7,,,1,100,,1238,7,,,1,100,,1243,7,,,1
100000700,'Weekday-28',701,,1258,7,,,1,30,,1259,7,,,1,70,,1260,7,,,1,30,,1261,7,,,1,70,,1262,7,,,1,100,,1263,7,,,1,100,,1246,7,,,1,100,,1247,7,,,1,100,,1249,7,,,1,100,,1248,7,,,1,100,,1250,7,,,1,30,,1251,7,,,1,70,,1252,7,,,1,30,,1253,7,,,1,70,,1254,7,,,1,30,,1255,7,,,1,70,,1256,7,,,1
100000801,'Saturday-25',633,,1266,6,,,1,100,,1267,6,,,1,100,,1268,6,,,1,100,,1269,6,,,1,100,,1270,6,,,1,100,,1271,6,,,1,100,,1272,6,,,1,100,,1273,6,,,1,100,,1274,6,,,1,100,,1275,6,,,1,100,,1276,6,,,1,100,,1277,6,,,1
100000801,'Saturday-27',633,,1278,6,,,1,100,,1279,6,,,1,100,,1280,6,,,1,100,,1281,6,,,1,100,,1282,6,,,1,100,,1283,6,,,1,100,,1284,6,,,1,100,,1285,6,,,1,100,,1286,6,,,1,100,,1287,6,,,1,100,,1288,6,,,1,100,,1289,6,,,1
100000801,'Weekday-23',840,,1304,6,,,1,100,,1302,6,,,1,100,,1295,6,,,1,100,,1303,6,,,1,100,,1294,6,,,1,100,,1305,6,,,1,100,,1306,6,,,1,61,,1296,6,,,1,36,,1297,6,,,1,20,,1292,6,,,1,60,,1298,6,,,1,21,,1291,6,,,1,19,,1301,6,,,1,62,,1290,6,,,1,19,,1300,6,,,1,62,,1293,6,,,1,19,,1299,6,,,1
100000801,'Weekday-24',840,,1321,6,,,1,100,,1319,6,,,1,100,,1312,6,,,1,100,,1320,6,,,1,100,,1311,6,,,1,100,,1322,6,,,1,100,,1323,6,,,1,61,,1313,6,,,1,36,,1314,6,,,1,20,,1309,6,,,1,60,,1318,6,,,1,21,,1308,6,,,1,19,,1317,6,,,1,62,,1307,6,,,1,19,,1316,6,,,1,62,,1310,6,,,1,19,,1315,6,,,1
100000801,'Weekday-28',933,,1327,6,,,1,100,,1326,6,,,1,100,,1324,6,,,1,100,,1325,6,,,1,100,,1328,6,,,1,67,,1329,6,,,1,33,,1330,6,,,1,67,,1331,6,,,1,30,,1332,6,,,1,70,,1333,6,,,1,30,,1334,6,,,1,70,,1335,6,,,1,30,,1336,6,,,1,70,,1337,6,,,1
