100000901,'Weekday-23',606,,1373,26,,,1,20,,1372,26,,,1,20,,1365,26,,,1,60,,1367,26,,,1,20,,1368,26,,,1,20,,1366,26,,,1,60,,1363,26,,,1,20,,1364,26,,,1,820,,1370,26,,,1,60,,1369,26,,,1,20,,1362,26,,,1,20,,1371,26,,,1
100000901,'Weekday-29',606,,3471,26,,,1,20,,3470,26,,,1,20,,3463,26,,,1,60,,3465,26,,,1,20,,3466,26,,,1,20,,3464,26,,,1,60,,3461,26,,,1,20,,3462,26,,,1,820,,3468,26,,,1,60,,3467,26,,,1,20,,3460,26,,,1,20,,3469,26,,,1
100000901,'Weekday-32',606,,3480,26,,,1,20,,3481,26,,,1,20,,3482,26,,,1,60,,3475,26,,,1,20,,3476,26,,,1,20,,3483,26,,,1,60,,3473,26,,,1,20,,3474,26,,,1,820,,3478,26,,,1,60,,3477,26,,,1,20,,3472,26,,,1,20,,3479,26,,,1
100000901,'Weekday-33',602,,3492,26,,,1,30,,3487,26,,,1,70,,3484,26,,,1,30,,3488,26,,,1,70,,3491,26,,,1,900,,3489,26,,,1,30,,3485,26,,,1,70,,3490,26,,,1,30,,3486,26,,,1
100003301,'Saturday-27',631,,2165,27,,,1,100,,2166,27,,,1,100,,2167,27,,,1,100,,2168,27,,,1,100,,2169,27,,,1,100,,2161,27,,,1,100,,2162,27,,,1,100,,2170,27,,,1,100,,2171,27,,,1,100,,2163,27,,,1,100,,2164,27,,,1,100,,2172,27,,,1,100,,2173,27,,,1
100003301,'Saturday-30',631,,4175,27,,,1,100,,4176,27,,,1,100,,4177,27,,,1,100,,4178,27,,,1,100,,4179,27,,,1,100,,4171,27,,,1,100,,4172,27,,,1,100,,4180,27,,,1,100,,4181,27,,,1,100,,4173,27,,,1,100,,4174,27,,,1,100,,4182,27,,,1,100,,4183,27,,,1
100003301,'Weekday-23',909,,2175,27,,,1,100,,2176,27,,,1,100,,2177,27,,,1,102,,2178,27,,,1,97,,2179,27,,,1,99,,2180,27,,,1,100,,2181,27,,,1,16,,2184,27,,,1,87,,2174,27,,,1
100003301,'Weekday-29',909,,4185,27,,,1,100,,4186,27,,,1,100,,4187,27,,,1,102,,4188,27,,,1,97,,4189,27,,,1,99,,4190,27,,,1,100,,4191,27,,,1,16,,4194,27,,,1,87,,4184,27,,,1
100003301,'Weekday-32',909,,4201,27,,,1,100,,4202,27,,,1,100,,4203,27,,,1,102,,4204,27,,,1,97,,4205,27,,,1,99,,4206,27,,,1,100,,4207,27,,,1,16,,4210,27,,,1,87,,4200,27,,,1
100003301,'Weekday-33',833,,4216,27,,,1,71,,4227,27,,,1,30,,4217,27,,,1,100,,4218,27,,,1,100,,4219,27,,,1,102,,4220,27,,,1,97,,4221,27,,,1,99,,4222,27,,,1,100,,4223,27,,,1,73,,4225,27,,,1,27,,4224,27,,,1
