20100,'Holiday1-91',548,,2227,8,0,5,1,100,,2228,8,0,5,1,100,,2221,8,0,5,1,100,,2229,8,0,5,1,100,,2222,8,0,5,1,100,,2230,8,0,5,1,100,,2223,8,0,5,1,100,,2231,8,0,5,1,100,,2224,8,0,5,1,100,,2232,8,0,5,1,100,,2225,8,0,5,1,100,,2233,8,0,5,1,100,,2226,8,0,5,1,100,,2234,8,0,5,1
20100,'Saturday-27',548,,20,8,0,5,1,100,,33,8,0,5,1,100,,21,8,0,5,1,100,,34,8,0,5,1,100,,22,8,0,5,1,100,,35,8,0,5,1,100,,23,8,0,5,1,100,,36,8,0,5,1,100,,24,8,0,5,1,100,,37,8,0,5,1,100,,25,8,0,5,1,100,,38,8,0,5,1,100,,26,8,0,5,1,100,,30,8,0,5,1,100,,27,8,0,5,1,100,,31,8,0,5,1,100,,28,8,0,5,1,100,,32,8,0,5,1,100,,29,8,0,5,1
20100,'Saturday-30',548,,2235,8,0,5,1,100,,2248,8,0,5,1,100,,2236,8,0,5,1,100,,2249,8,0,5,1,100,,2237,8,0,5,1,100,,2250,8,0,5,1,100,,2238,8,0,5,1,100,,2251,8,0,5,1,100,,2239,8,0,5,1,100,,2252,8,0,5,1,100,,2240,8,0,5,1,100,,2253,8,0,5,1,100,,2241,8,0,5,1,100,,2245,8,0,5,1,100,,2242,8,0,5,1,100,,2246,8,0,5,1,100,,2243,8,0,5,1,100,,2247,8,0,5,1,100,,2244,8,0,5,1
20100,'Sunday-19',548,,45,8,0,5,1,100,,46,8,0,5,1,100,,39,8,0,5,1,100,,47,8,0,5,1,100,,40,8,0,5,1,100,,48,8,0,5,1,100,,41,8,0,5,1,100,,49,8,0,5,1,100,,42,8,0,5,1,100,,50,8,0,5,1,100,,43,8,0,5,1,100,,51,8,0,5,1,100,,44,8,0,5,1,100,,52,8,0,5,1
20100,'Sunday-31',548,,2260,8,0,5,1,100,,2261,8,0,5,1,100,,2254,8,0,5,1,100,,2262,8,0,5,1,100,,2255,8,0,5,1,100,,2263,8,0,5,1,100,,2256,8,0,5,1,100,,2264,8,0,5,1,100,,2257,8,0,5,1,100,,2265,8,0,5,1,100,,2258,8,0,5,1,100,,2266,8,0,5,1,100,,2259,8,0,5,1,100,,2267,8,0,5,1
20100,'Weekday-23',533,,69,8,0,5,1,70,,75,8,0,5,1,20,,65,8,0,5,1,20,,84,8,0,5,1,61,,70,8,0,5,1,21,,78,8,,,1,19,,76,8,,,1,61,,66,8,,,1,20,,83,8,,,1,18,,82,8,,,1,82,,79,8,0,5,1,100,,77,8,0,5,1,100,,80,8,0,5,1,100,,53,8,,,1,100,,64,8,0,5,1,100,,81,8,0,5,1,101,,58,8,0,5,1,21,,56,8,0,5,1,79,,67,8,0,5,1,18,,54,8,,,1,60,,71,8,0,5,1,22,,68,8,,,1,18,,59,8,0,5,1,61,,74,8,0,5,1,20,,61,8,0,5,1,78,,57,8,0,5,1,100,,63,8,0,5,1,100,,72,8,0,5,1,100,,62,8,0,5,1,100,,73,8,0,5,1,100,,60,8,0,5,1
20100,'Weekday-29',533,,2279,8,0,5,1,70,,2287,8,0,5,1,20,,2296,8,0,5,1,20,,2286,8,0,5,1,61,,2280,8,0,5,1,21,,2290,8,,,1,19,,2288,8,,,1,61,,2297,8,,,1,20,,2300,8,,,1,18,,2299,8,,,1,82,,2291,8,0,5,1,100,,2289,8,0,5,1,100,,2292,8,0,5,1,100,,2294,8,,,1,100,,2277,8,0,5,1,100,,2293,8,0,5,1,101,,2271,8,0,5,1,21,,2269,8,0,5,1,79,,2278,8,0,5,1,18,,2295,8,,,1,60,,2283,8,0,5,1,22,,2298,8,,,1,18,,2272,8,0,5,1,61,,2281,8,0,5,1,20,,2274,8,0,5,1,78,,2270,8,0,5,1,100,,2276,8,0,5,1,100,,2284,8,0,5,1,100,,2275,8,0,5,1,100,,2285,8,0,5,1,100,,2273,8,0,5,1
20100,'Weekday-32',533,,2328,8,0,5,1,70,,2301,8,0,5,1,20,,2317,8,0,5,1,20,,2319,8,0,5,1,61,,2329,8,0,5,1,21,,2323,8,,,1,19,,2302,8,,,1,61,,2318,8,,,1,20,,2320,8,,,1,18,,2333,8,,,1,82,,2330,8,0,5,1,100,,2303,8,0,5,1,100,,2331,8,0,5,1,100,,2325,8,,,1,100,,2316,8,0,5,1,100,,2332,8,0,5,1,101,,2310,8,0,5,1,21,,2306,8,0,5,1,79,,2322,8,0,5,1,18,,2326,8,,,1,60,,2327,8,0,5,1,22,,2324,8,,,1,18,,2311,8,0,5,1,61,,2304,8,0,5,1,20,,2313,8,0,5,1,78,,2307,8,0,5,1,100,,2315,8,0,5,1,100,,2308,8,0,5,1,100,,2314,8,0,5,1,100,,2309,8,0,5,1,100,,2312,8,0,5,1
20100,'Weekday-33',548,,2351,8,0,5,1,70,,2353,8,0,5,1,30,,2339,8,0,5,1,71,,2350,8,,,1,30,,2352,8,,,1,71,,2340,8,0,5,1,28,,2357,8,0,5,1,100,,2359,8,,,1,100,,2354,8,,,1,100,,2358,8,,,1,100,,2349,8,,,1,100,,2348,8,,,1,100,,2346,8,,,1,101,,2355,8,,,1,70,,2347,8,,,1,30,,2345,8,,,1,70,,2334,8,0,5,1,30,,2356,8,0,5,1,71,,2341,8,0,5,1,28,,2336,8,0,5,1,100,,2343,8,0,5,1,100,,2337,8,0,5,1,100,,2344,8,0,5,1,100,,2335,8,0,5,1,100,,2342,8,0,5,1
20200,'Weekday-23',844,,295,12,,,1,80,,297,12,,,1,100,,307,12,,,1,100,,298,12,,,1,100,,306,12,,,1,100,,299,12,,,1,100,,300,12,,,1,100,,304,12,,,1,23,,296,12,,,1,78,,286,12,,,1,23,,290,12,,,1,56,,285,12,,,1,20,,287,12,,,1,20,,292,12,,,1,60,,302,12,,,1,40,,293,12,,,1,60,,301,12,,,1
20200,'Weekday-29',844,,2505,12,,,1,80,,2507,12,,,1,100,,2517,12,,,1,100,,2508,12,,,1,100,,2516,12,,,1,100,,2509,12,,,1,100,,2510,12,,,1,100,,2512,12,,,1,23,,2506,12,,,1,78,,2496,12,,,1,23,,2500,12,,,1,56,,2495,12,,,1,20,,2497,12,,,1,20,,2502,12,,,1,60,,2514,12,,,1,40,,2503,12,,,1,60,,2513,12,,,1
20200,'Weekday-32',844,,2528,12,,,1,80,,2530,12,,,1,100,,2538,12,,,1,100,,2531,12,,,1,100,,2537,12,,,1,100,,2532,12,,,1,100,,2542,12,,,1,100,,2535,12,,,1,23,,2529,12,,,1,78,,2519,12,,,1,23,,2523,12,,,1,56,,2540,12,,,1,20,,2520,12,,,1,20,,2525,12,,,1,60,,2541,12,,,1,40,,2526,12,,,1,60,,2534,12,,,1
20200,'Weekday-33',849,,2550,12,,,1,100,,2546,12,,,1,100,,2555,12,,,1,100,,2554,12,,,1,100,,2556,12,,,1,100,,2553,12,,,1,100,,2557,12,,,1,100,,2551,12,,,1,71,,2559,12,,,1,31,,2545,12,,,1,68,,2549,12,,,1,30,,2558,12,,,1
