100002100,'Weekday-23',1533,,1705,15,,,1,82,,1703,15,,,1,40,,1704,15,,,1,80,,1701,15,,,1,81,,1702,15,,,1
100002100,'Weekday-29',1533,,3793,15,,,1,82,,3791,15,,,1,40,,3792,15,,,1,80,,3789,15,,,1,81,,3790,15,,,1
100002100,'Weekday-32',1533,,3794,15,,,1,82,,3797,15,,,1,40,,3798,15,,,1,80,,3795,15,,,1,81,,3796,15,,,1
100002300,'Weekday-23',1634,,1744,15,,,1,80,,1742,15,,,1,41,,1743,15,,,1
100002300,'Weekday-29',1634,,3832,15,,,1,80,,3830,15,,,1,41,,3831,15,,,1
100002300,'Weekday-32',1634,,3833,15,,,1,80,,3834,15,,,1,41,,3835,15,,,1
100003100,'Saturday-27',551,,1791,12,,,1,100,,1792,12,,,1,100,,1793,12,,,1,100,,1794,12,,,1,100,,1799,12,,,1,100,,1795,12,,,1,100,,1800,12,,,1,100,,1796,12,,,1,100,,1801,12,,,1,100,,1797,12,,,1,100,,1802,12,,,1,100,,1798,12,,,1,100,,1803,12,,,1
100003100,'Saturday-30',551,,3866,12,,,1,100,,3867,12,,,1,100,,3868,12,,,1,100,,3869,12,,,1,100,,3874,12,,,1,100,,3870,12,,,1,100,,3875,12,,,1,100,,3871,12,,,1,100,,3876,12,,,1,100,,3872,12,,,1,100,,3877,12,,,1,100,,3873,12,,,1,100,,3878,12,,,1
100003100,'Weekday-23',714,,1812,12,,,1,119,,1814,12,,,1,96,,1805,12,,,1,100,,1806,12,,,1,100,,1807,12,,,1,100,,1808,12,,,1,102,,1809,12,,,1,100,,1810,12,,,1,20,,1815,12,,,1,76,,1811,12,,,1,26,,1813,12,,,1,283,,1804,12,,,1
100003100,'Weekday-29',714,,3887,12,,,1,119,,3889,12,,,1,96,,3880,12,,,1,100,,3881,12,,,1,100,,3882,12,,,1,100,,3883,12,,,1,102,,3884,12,,,1,100,,3885,12,,,1,20,,3890,12,,,1,76,,3886,12,,,1,26,,3888,12,,,1,283,,3879,12,,,1
100003100,'Weekday-32',714,,3899,12,,,1,119,,3901,12,,,1,96,,3892,12,,,1,100,,3893,12,,,1,100,,3894,12,,,1,100,,3895,12,,,1,102,,3896,12,,,1,100,,3897,12,,,1,20,,3891,12,,,1,76,,3898,12,,,1,26,,3900,12,,,1,283,,3902,12,,,1
100003100,'Weekday-33',654,,3913,12,,,1,71,,3904,12,,,1,30,,3914,12,,,1,70,,3903,12,,,1,27,,3910,12,,,1,100,,3911,12,,,1,100,,3912,12,,,1,100,,3909,12,,,1,100,,3907,12,,,1,102,,3915,12,,,1,100,,3916,12,,,1,100,,3917,12,,,1,70,,3905,12,,,1,33,,3918,12,,,1,68,,3906,12,,,1,30,,3908,12,,,1
