100002100,'Weekday-23',1534,,1705,16,,,1,82,,1703,16,,,1,40,,1704,16,,,1,80,,1701,16,,,1,81,,1702,16,,,1
100002100,'Weekday-29',1534,,3793,16,,,1,82,,3791,16,,,1,40,,3792,16,,,1,80,,3789,16,,,1,81,,3790,16,,,1
100002100,'Weekday-32',1534,,3794,16,,,1,82,,3797,16,,,1,40,,3798,16,,,1,80,,3795,16,,,1,81,,3796,16,,,1
100002300,'Weekday-23',1635,,1744,16,,,1,80,,1742,16,,,1,41,,1743,16,,,1
100002300,'Weekday-29',1635,,3832,16,,,1,80,,3830,16,,,1,41,,3831,16,,,1
100002300,'Weekday-32',1635,,3833,16,,,1,80,,3834,16,,,1,41,,3835,16,,,1
100003100,'Saturday-27',552,,1791,13,,,1,100,,1792,13,,,1,100,,1793,13,,,1,100,,1794,13,,,1,100,,1799,13,,,1,100,,1795,13,,,1,100,,1800,13,,,1,100,,1796,13,,,1,100,,1801,13,,,1,100,,1797,13,,,1,100,,1802,13,,,1,100,,1798,13,,,1,100,,1803,13,,,1
100003100,'Saturday-30',552,,3866,13,,,1,100,,3867,13,,,1,100,,3868,13,,,1,100,,3869,13,,,1,100,,3874,13,,,1,100,,3870,13,,,1,100,,3875,13,,,1,100,,3871,13,,,1,100,,3876,13,,,1,100,,3872,13,,,1,100,,3877,13,,,1,100,,3873,13,,,1,100,,3878,13,,,1
100003100,'Weekday-23',715,,1812,13,,,1,119,,1814,13,,,1,96,,1805,13,,,1,100,,1806,13,,,1,100,,1807,13,,,1,100,,1808,13,,,1,102,,1809,13,,,1,100,,1810,13,,,1,20,,1815,13,,,1,76,,1811,13,,,1,26,,1813,13,,,1,283,,1804,13,,,1
100003100,'Weekday-29',715,,3887,13,,,1,119,,3889,13,,,1,96,,3880,13,,,1,100,,3881,13,,,1,100,,3882,13,,,1,100,,3883,13,,,1,102,,3884,13,,,1,100,,3885,13,,,1,20,,3890,13,,,1,76,,3886,13,,,1,26,,3888,13,,,1,283,,3879,13,,,1
100003100,'Weekday-32',715,,3899,13,,,1,119,,3901,13,,,1,96,,3892,13,,,1,100,,3893,13,,,1,100,,3894,13,,,1,100,,3895,13,,,1,102,,3896,13,,,1,100,,3897,13,,,1,20,,3891,13,,,1,76,,3898,13,,,1,26,,3900,13,,,1,283,,3902,13,,,1
100003100,'Weekday-33',655,,3913,13,,,1,71,,3904,13,,,1,30,,3914,13,,,1,70,,3903,13,,,1,27,,3910,13,,,1,100,,3911,13,,,1,100,,3912,13,,,1,100,,3909,13,,,1,100,,3907,13,,,1,102,,3915,13,,,1,100,,3916,13,,,1,100,,3917,13,,,1,70,,3905,13,,,1,33,,3918,13,,,1,68,,3906,13,,,1,30,,3908,13,,,1
