20101,'Saturday-2',645,2,4315,23,,,1,100,2,4325,23,,,1,100,2,4316,23,,,1,100,2,4326,23,,,1,100,2,4317,23,,,1,100,2,4327,23,,,1,100,2,4318,23,,,1,100,2,4328,23,,,1,100,2,4319,23,,,1,100,2,4329,23,,,1,100,2,4320,23,,,1,100,2,4330,23,,,1,100,2,4321,23,,,1,100,2,4331,23,,,1,100,2,4322,23,,,1,100,2,4332,23,,,1,100,2,4323,23,,,1,98,,4333,23,4,,1,100,,4324,23,4,,1
20101,'Saturday-4',645,2,4334,23,,,1,100,2,4344,23,,,1,100,2,4335,23,,,1,100,2,4345,23,,,1,100,2,4336,23,,,1,100,2,4346,23,,,1,100,2,4337,23,,,1,100,2,4347,23,,,1,100,2,4338,23,,,1,100,2,4348,23,,,1,100,2,4339,23,,,1,100,2,4349,23,,,1,100,2,4340,23,,,1,100,2,4350,23,,,1,100,2,4341,23,,,1,100,2,4351,23,,,1,100,2,4342,23,,,1,98,,4352,23,4,,1,100,,4343,23,4,,1
20101,'Sunday-3',643,,4353,23,,,1,100,,4360,23,,,1,100,,4354,23,,,1,100,,4361,23,,,1,100,,4355,23,,,1,100,,4362,23,,,1,100,,4356,23,,,1,100,,4363,23,,,1,100,,4357,23,,,1,100,,4364,23,,,1,100,,4358,23,,,1,100,,4365,23,,,1,100,,4359,23,4,,1,100,,4366,23,4,,1
20101,'Sunday-93',643,,4367,23,,,1,100,,4374,23,,,1,100,,4368,23,,,1,100,,4375,23,,,1,100,,4369,23,,,1,100,,4376,23,,,1,100,,4370,23,,,1,100,,4377,23,,,1,100,,4371,23,,,1,100,,4378,23,,,1,100,,4372,23,,,1,100,,4379,23,,,1,100,,4373,23,4,,1,100,,4380,23,4,,1
20101,'Weekday-1',628,,4394,23,,,1,30,,4396,23,,,1,63,,4386,23,,,1,20,,4389,23,,,1,80,,4395,23,,,1,97,,4401,23,,,1,100,,4403,23,,,1,100,,4391,23,,,1,100,,4398,23,,,1,100,,4404,23,,,1,100,,4390,23,,,1,20,,4406,23,,,1,80,,4383,23,,,1,23,,4399,23,,,1,60,,4384,23,,,1,19,,4405,23,,,1,21,,4392,23,,,1,60,,4407,23,,,1,20,,4402,23,,,1,21,,4400,23,,,1,61,,4393,23,,,1,17,,4397,23,,,1,23,,4385,23,4,,1,63,,4381,23,,,1,25,,4410,23,,,1,69,42,4382,23,,,1,100,42,4411,23,,,1,100,42,4387,23,,,1,100,42,4408,23,,,1,58,,4388,23,4,,1,100,,4409,23,4,,1
20201,'Weekday-1',723,2,4441,12,,,1,20,2,4437,12,,,1,80,2,4448,12,,,1,97,2,4442,12,,,1,100,2,4452,12,,,1,100,2,4445,12,,,1,100,2,4438,12,,,1,100,2,4446,12,,,1,100,2,4451,12,,,1,20,2,4450,12,,,1,78,2,4453,12,,,1,25,2,4449,12,,,1,60,2,4440,12,,,1,20,2,4443,12,,,1,20,2,4433,12,,,1,60,2,4444,12,,,1,20,2,4435,12,,,1,21,2,4439,12,,,1,61,2,4436,12,,,1,17,2,4447,12,,,1,20,2,4434,12,,,1
20301,'Saturday-2',1043,,4493,9,4,,1,100,,4498,9,4,,1,100,,4494,9,4,,1,100,,4499,9,4,,1,100,,4495,9,4,,1,100,,4500,9,4,,1,100,,4496,9,4,,1,100,,4501,9,4,,1,100,,4497,9,4,,1
20301,'Saturday-4',1043,,4502,9,4,,1,100,,4507,9,4,,1,100,,4503,9,4,,1,100,,4508,9,4,,1,100,,4504,9,4,,1,100,,4509,9,4,,1,100,,4505,9,4,,1,100,,4510,9,4,,1,100,,4506,9,4,,1
20301,'Weekday-1',721,,4516,9,,,1,20,,4523,9,,,1,80,,4526,9,,,1,97,,4517,9,,,1,100,,4514,9,,,1,100,,4513,9,,,1,100,,4518,9,,,1,100,,4527,9,,,1,100,,4524,9,,,1,20,,4519,9,,,1,80,,4515,9,,,1,23,,4520,9,,,1,82,,4529,9,,,1,18,,4525,9,,,1,60,,4511,9,,,1,22,,4528,9,,,1,19,,4521,9,,,1,61,,4530,9,,,1,17,,4522,9,,,1,23,,4512,9,,,1
20801,'Weekday-1',1541,,4604,8,,,1,60,,4600,8,,,1,20,,4605,8,,,1,20,,4606,8,,,1,60,,4603,8,,,1,20,,4602,8,,,1,21,,4601,8,,,1
21101,'Weekday-1',1601,,4614,10,,,1,40,,4613,10,,,1,60,,4612,10,,,1,20,,4610,10,,,1,21,,4611,10,,,1
