20100,'Holiday1-91',536,,2227,3,0,5,1,100,,2228,3,0,5,1,100,,2221,3,0,5,1,100,,2229,3,0,5,1,100,,2222,3,0,5,1,100,,2230,3,0,5,1,100,,2223,3,0,5,1,100,,2231,3,0,5,1,100,,2224,3,0,5,1,100,,2232,3,0,5,1,100,,2225,3,0,5,1,100,,2233,3,0,5,1,100,,2226,3,0,5,1,100,,2234,3,0,5,1
20100,'Saturday-27',531,,20,3,0,5,1,100,,33,3,0,5,1,100,,21,3,0,5,1,100,,34,3,0,5,1,100,,22,3,0,5,1,100,,35,3,0,5,1,100,,23,3,0,5,1,100,,36,3,0,5,1,100,,24,3,0,5,1,100,,37,3,0,5,1,100,,25,3,0,5,1,100,,38,3,0,5,1,100,,26,3,0,5,1,100,,30,3,0,5,1,100,,27,3,0,5,1,100,,31,3,0,5,1,100,,28,3,0,5,1,100,,32,3,0,5,1,100,,29,3,0,5,1
20100,'Saturday-30',531,,2235,3,0,5,1,100,,2248,3,0,5,1,100,,2236,3,0,5,1,100,,2249,3,0,5,1,100,,2237,3,0,5,1,100,,2250,3,0,5,1,100,,2238,3,0,5,1,100,,2251,3,0,5,1,100,,2239,3,0,5,1,100,,2252,3,0,5,1,100,,2240,3,0,5,1,100,,2253,3,0,5,1,100,,2241,3,0,5,1,100,,2245,3,0,5,1,100,,2242,3,0,5,1,100,,2246,3,0,5,1,100,,2243,3,0,5,1,100,,2247,3,0,5,1,100,,2244,3,0,5,1
20100,'Sunday-19',536,,45,3,0,5,1,100,,46,3,0,5,1,100,,39,3,0,5,1,100,,47,3,0,5,1,100,,40,3,0,5,1,100,,48,3,0,5,1,100,,41,3,0,5,1,100,,49,3,0,5,1,100,,42,3,0,5,1,100,,50,3,0,5,1,100,,43,3,0,5,1,100,,51,3,0,5,1,100,,44,3,0,5,1,100,,52,3,0,5,1
20100,'Sunday-31',536,,2260,3,0,5,1,100,,2261,3,0,5,1,100,,2254,3,0,5,1,100,,2262,3,0,5,1,100,,2255,3,0,5,1,100,,2263,3,0,5,1,100,,2256,3,0,5,1,100,,2264,3,0,5,1,100,,2257,3,0,5,1,100,,2265,3,0,5,1,100,,2258,3,0,5,1,100,,2266,3,0,5,1,100,,2259,3,0,5,1,100,,2267,3,0,5,1
20100,'Weekday-23',521,,69,3,0,5,1,25,,75,3,0,5,1,60,,65,3,0,5,1,20,,84,3,0,5,1,20,,70,3,0,5,1,60,,78,3,,,1,20,,76,3,,,1,20,,66,3,,,1,60,,83,3,,,1,20,,82,3,,,1,80,,79,3,0,5,1,100,,77,3,0,5,1,100,,80,3,0,5,1,100,,53,3,,,1,100,,64,3,0,5,1,100,,81,3,0,5,1,100,,58,3,0,5,1,23,,56,3,0,5,1,77,,67,3,0,5,1,22,,54,3,,,1,18,,71,3,0,5,1,60,,68,3,,,1,20,,59,3,0,5,1,20,,74,3,0,5,1,60,,61,3,0,5,1,40,,57,3,0,5,1,100,,63,3,0,5,1,100,,72,3,0,5,1,100,,62,3,0,5,1,100,,73,3,0,5,1,100,,60,3,0,5,1
20100,'Weekday-29',521,,2279,3,0,5,1,25,,2287,3,0,5,1,60,,2296,3,0,5,1,20,,2286,3,0,5,1,20,,2280,3,0,5,1,60,,2290,3,,,1,20,,2288,3,,,1,20,,2297,3,,,1,60,,2300,3,,,1,20,,2299,3,,,1,80,,2291,3,0,5,1,100,,2289,3,0,5,1,100,,2292,3,0,5,1,100,,2294,3,,,1,100,,2277,3,0,5,1,100,,2293,3,0,5,1,100,,2271,3,0,5,1,23,,2269,3,0,5,1,77,,2278,3,0,5,1,22,,2295,3,,,1,18,,2283,3,0,5,1,60,,2298,3,,,1,20,,2272,3,0,5,1,20,,2281,3,0,5,1,60,,2274,3,0,5,1,40,,2270,3,0,5,1,100,,2276,3,0,5,1,100,,2284,3,0,5,1,100,,2275,3,0,5,1,100,,2285,3,0,5,1,100,,2273,3,0,5,1
20100,'Weekday-32',521,,2328,3,0,5,1,25,,2301,3,0,5,1,60,,2317,3,0,5,1,20,,2319,3,0,5,1,20,,2329,3,0,5,1,60,,2323,3,,,1,20,,2302,3,,,1,20,,2318,3,,,1,60,,2320,3,,,1,20,,2333,3,,,1,80,,2330,3,0,5,1,100,,2303,3,0,5,1,100,,2331,3,0,5,1,100,,2325,3,,,1,100,,2316,3,0,5,1,100,,2332,3,0,5,1,100,,2310,3,0,5,1,23,,2306,3,0,5,1,77,,2322,3,0,5,1,22,,2326,3,,,1,18,,2327,3,0,5,1,60,,2324,3,,,1,20,,2311,3,0,5,1,20,,2304,3,0,5,1,60,,2313,3,0,5,1,40,,2307,3,0,5,1,100,,2315,3,0,5,1,100,,2308,3,0,5,1,100,,2314,3,0,5,1,100,,2309,3,0,5,1,100,,2312,3,0,5,1
20100,'Weekday-33',531,,2351,3,0,5,1,70,,2353,3,0,5,1,30,,2339,3,0,5,1,70,,2350,3,,,1,30,,2352,3,,,1,70,,2340,3,0,5,1,30,,2357,3,0,5,1,100,,2359,3,,,1,100,,2354,3,,,1,100,,2358,3,,,1,100,,2349,3,,,1,100,,2348,3,,,1,100,,2346,3,,,1,100,,2355,3,,,1,70,,2347,3,,,1,30,,2345,3,,,1,70,,2334,3,0,5,1,30,,2356,3,0,5,1,70,,2341,3,0,5,1,30,,2336,3,0,5,1,100,,2343,3,0,5,1,100,,2337,3,0,5,1,100,,2344,3,0,5,1,100,,2335,3,0,5,1,100,,2342,3,0,5,1
20300,'Weekday-23',606,,437,3,,,1,20,,441,3,,,1,20,,458,3,,,1,80,,457,3,,,1,20,,442,3,,,1,80,,446,3,,,1,80,,443,3,,,1,100,,435,3,,,1,100,,444,3,,,1,100,,445,3,,,1,100,,453,3,,,1,100,,434,3,,,1,100,,440,3,,,1,23,,438,3,,,1,77,,454,3,,,1,22,,455,3,,,1,18,,459,3,,,1,60,,456,3,,,1,20,,439,3,,,1,20,,436,3,,,1,60,,447,3,,,1,40,,448,3,,,1
20300,'Weekday-29',606,,2654,3,,,1,20,,2640,3,,,1,20,,2652,3,,,1,80,,2651,3,,,1,20,,2641,3,,,1,80,,2655,3,,,1,80,,2642,3,,,1,100,,2660,3,,,1,100,,2643,3,,,1,100,,2644,3,,,1,100,,2658,3,,,1,100,,2635,3,,,1,100,,2639,3,,,1,23,,2637,3,,,1,77,,2659,3,,,1,22,,2650,3,,,1,18,,2653,3,,,1,60,,2657,3,,,1,20,,2638,3,,,1,20,,2636,3,,,1,60,,2656,3,,,1,40,,2645,3,,,1
20300,'Weekday-32',606,,2667,3,,,1,20,,2668,3,,,1,20,,2673,3,,,1,80,,2674,3,,,1,20,,2669,3,,,1,80,,2675,3,,,1,80,,2670,3,,,1,100,,2685,3,,,1,100,,2671,3,,,1,100,,2684,3,,,1,100,,2679,3,,,1,100,,2672,3,,,1,100,,2676,3,,,1,23,,2681,3,,,1,77,,2680,3,,,1,22,,2686,3,,,1,18,,2683,3,,,1,60,,2678,3,,,1,20,,2682,3,,,1,20,,2661,3,,,1,60,,2677,3,,,1,40,,2662,3,,,1
20300,'Weekday-33',601,,2690,3,,,1,30,,2691,3,,,1,70,,2695,3,,,1,30,,2689,3,,,1,70,,2692,3,,,1,30,,2696,3,,,1,100,,2693,3,,,1,100,,2697,3,,,1,100,,2694,3,,,1,100,,2701,3,,,1,100,,2702,3,,,1,100,,2698,3,,,1,100,,2703,3,,,1,70,,2699,3,,,1,30,,2687,3,,,1,70,,2704,3,,,1,30,,2700,3,,,1,70,,2688,3,,,1,30,,2705,3,,,1
20400,'Weekday-23',707,,604,2,,,1,100,,600,2,,,1,98,,602,2,,,1
20400,'Weekday-29',707,,2795,2,,,1,100,,2791,2,,,1,98,,2793,2,,,1
20400,'Weekday-32',707,,2802,2,,,1,100,,2801,2,,,1
