100000900,'Weekday-23',713,,1341,17,,,1,23,,1340,17,,,1,880,,1346,17,,,1,20,,1344,17,,,1,21,,1338,17,,,1,59,,1347,17,,,1,20,,1345,17,,,1,21,,1339,17,,,1,61,,1343,17,,,1,20,,1342,17,,,1
100000900,'Weekday-29',713,,3439,17,,,1,23,,3438,17,,,1,880,,3444,17,,,1,20,,3442,17,,,1,21,,3436,17,,,1,59,,3445,17,,,1,20,,3443,17,,,1,21,,3437,17,,,1,61,,3441,17,,,1,20,,3440,17,,,1
100000900,'Weekday-32',713,,3455,17,,,1,23,,3448,17,,,1,880,,3453,17,,,1,20,,3451,17,,,1,21,,3446,17,,,1,59,,3454,17,,,1,20,,3452,17,,,1,21,,3447,17,,,1,61,,3450,17,,,1,20,,3449,17,,,1
100000900,'Weekday-33',1627,,3458,17,,,1,30,,3456,17,,,1,70,,3459,17,,,1,30,,3457,17,,,1
100003300,'Saturday-27',653,,2081,17,,,1,100,,2082,17,,,1,100,,2083,17,,,1,100,,2076,17,,,1,100,,2087,17,,,1,100,,2077,17,,,1,100,,2084,17,,,1,100,,2078,17,,,1,100,,2088,17,,,1,100,,2079,17,,,1,100,,2085,17,,,1,100,,2080,17,,,1
100003300,'Saturday-30',653,,4104,17,,,1,100,,4105,17,,,1,100,,4106,17,,,1,100,,4099,17,,,1,100,,4110,17,,,1,100,,4100,17,,,1,100,,4107,17,,,1,100,,4101,17,,,1,100,,4111,17,,,1,100,,4102,17,,,1,100,,4108,17,,,1,100,,4103,17,,,1
100003300,'Weekday-23',705,,2103,17,,,1,43,,2102,17,,,1,85,,2092,17,,,1,101,,2093,17,,,1,100,,2094,17,,,1,100,,2095,17,,,1,98,,2096,17,,,1,100,,2097,17,,,1,100,,2098,17,,,1,20,,2104,17,,,1,78,,2089,17,,,1,26,,2100,17,,,1
100003300,'Weekday-29',705,,4126,17,,,1,43,,4125,17,,,1,85,,4115,17,,,1,101,,4116,17,,,1,100,,4117,17,,,1,100,,4118,17,,,1,98,,4119,17,,,1,100,,4120,17,,,1,100,,4121,17,,,1,20,,4127,17,,,1,78,,4112,17,,,1,26,,4123,17,,,1
100003300,'Weekday-32',705,,4147,17,,,1,43,,4146,17,,,1,85,,4136,17,,,1,101,,4137,17,,,1,100,,4138,17,,,1,100,,4139,17,,,1,98,,4140,17,,,1,100,,4141,17,,,1,100,,4142,17,,,1,20,,4148,17,,,1,78,,4134,17,,,1,26,,4144,17,,,1
100003300,'Weekday-33',655,,4165,17,,,1,71,,4164,17,,,1,75,,4166,17,,,1,24,,4170,17,,,1,31,,4156,17,,,1,101,,4158,17,,,1,100,,4157,17,,,1,100,,4159,17,,,1,98,,4160,17,,,1,100,,4161,17,,,1,100,,4162,17,,,1,102,,4163,17,,,1
