100000300,'Weekday-23',557,,792,13,,,1,60,,793,13,,,1,20,,794,13,,,1,20,,795,13,,,1,60,,796,13,,,1,20,,797,13,,,1,20,,798,13,,,1,60,,799,13,,,1,20,,800,13,,,1,20,,801,13,,,1,691,,782,13,,,1,60,,783,13,,,1,20,,784,13,,,1,20,,785,13,,,1,60,,786,13,,,1,20,,787,13,,,1,20,,788,13,,,1,60,,789,13,,,1,20,,791,13,,,1,20,,790,13,,,1
100000300,'Weekday-29',557,,2966,13,,,1,60,,2967,13,,,1,20,,2968,13,,,1,20,,2969,13,,,1,60,,2970,13,,,1,20,,2971,13,,,1,20,,2972,13,,,1,60,,2973,13,,,1,20,,2974,13,,,1,20,,2975,13,,,1,691,,2956,13,,,1,60,,2957,13,,,1,20,,2958,13,,,1,20,,2959,13,,,1,60,,2960,13,,,1,20,,2961,13,,,1,20,,2962,13,,,1,60,,2963,13,,,1,20,,2965,13,,,1,20,,2964,13,,,1
100000300,'Weekday-32',557,,2986,13,,,1,60,,2987,13,,,1,20,,2988,13,,,1,20,,2989,13,,,1,60,,2990,13,,,1,20,,2991,13,,,1,20,,2992,13,,,1,60,,2993,13,,,1,20,,2994,13,,,1,20,,2995,13,,,1,691,,2976,13,,,1,60,,2977,13,,,1,20,,2978,13,,,1,20,,2979,13,,,1,60,,2980,13,,,1,20,,2981,13,,,1,20,,2982,13,,,1,60,,2983,13,,,1,20,,2985,13,,,1,20,,2984,13,,,1
100000300,'Weekday-33',619,,3001,13,,,1,30,,3002,13,,,1,70,,3003,13,,,1,30,,3004,13,,,1,70,,3005,13,,,1,793,,2996,13,,,1,30,,2997,13,,,1,70,,2998,13,,,1,30,,2999,13,,,1,70,,3000,13,,,1
100000501,'Saturday-27',617,,949,25,,,1,100,,944,30,,,1,100,,937,30,,,1,100,,945,30,,,1,100,,938,30,,,1,100,,946,30,,,1,100,,939,30,,,1,100,,942,30,,,1,100,,947,30,,,1,100,,940,30,,,1,100,,943,30,,,1,100,,948,30,,,1,100,,941,30,,,1
100000501,'Saturday-30',617,,3098,25,,,1,100,,3093,30,,,1,100,,3086,30,,,1,100,,3094,30,,,1,100,,3087,30,,,1,100,,3095,30,,,1,100,,3088,30,,,1,100,,3091,30,,,1,100,,3096,30,,,1,100,,3089,30,,,1,100,,3092,30,,,1,100,,3097,30,,,1,100,,3090,30,,,1
100000501,'Weekday-23',532,,958,25,,,1,20,,962,25,,,1,61,,964,25,,,1,19,,953,25,,,1,20,,956,25,,,1,61,,952,30,,,1,20,,957,30,,,1,20,,963,30,,,1,62,,973,30,,,1,40,,951,30,,,1,97,,971,30,,,1,102,,965,30,,,1,100,,950,30,,,1,99,,974,30,,,1,100,,967,30,,,1,101,,966,30,,,1,65,,968,30,,,1,35,,969,30,,,1,61,,959,30,,,1,18,,960,30,,,1,21,,975,30,,,1,60,,961,30,,,1,18,,970,30,,,1,20,,954,30,,,1,61,,972,30,,,1,20,,955,30,,,1
100000501,'Weekday-29',532,,3102,25,,,1,20,,3115,25,,,1,61,,3106,25,,,1,19,,3112,25,,,1,20,,3113,25,,,1,61,,3111,30,,,1,20,,3114,30,,,1,20,,3116,30,,,1,62,,3119,30,,,1,40,,3099,30,,,1,97,,3117,30,,,1,102,,3107,30,,,1,100,,3124,30,,,1,99,,3120,30,,,1,100,,3109,30,,,1,101,,3108,30,,,1,65,,3122,30,,,1,35,,3123,30,,,1,61,,3103,30,,,1,18,,3104,30,,,1,21,,3121,30,,,1,60,,3105,30,,,1,18,,3110,30,,,1,20,,3100,30,,,1,61,,3118,30,,,1,20,,3101,30,,,1
100000501,'Weekday-32',532,,3129,25,,,1,20,,3133,25,,,1,61,,3135,25,,,1,19,,3126,25,,,1,20,,3127,25,,,1,61,,3125,30,,,1,20,,3128,30,,,1,20,,3134,30,,,1,62,,3141,30,,,1,40,,3139,30,,,1,97,,3140,30,,,1,102,,3136,30,,,1,100,,3149,30,,,1,99,,3142,30,,,1,100,,3148,30,,,1,101,,3137,30,,,1,65,,3144,30,,,1,35,,3145,30,,,1,61,,3130,30,,,1,18,,3131,30,,,1,21,,3143,30,,,1,60,,3132,30,,,1,18,,3150,30,,,1,20,,3146,30,,,1,61,,3138,30,,,1,20,,3147,30,,,1
100000501,'Weekday-33',544,,3151,25,,,1,71,,3152,25,,,1,29,,3161,25,,,1,71,,3162,30,,,1,30,,3163,30,,,1,72,,3164,30,,,1,31,,3165,30,,,1,67,,3166,30,,,1,99,,3167,30,,,1,102,,3153,30,,,1,100,,3154,30,,,1,99,,3169,30,,,1,100,,3168,30,,,1,101,,3158,30,,,1,29,,3159,25,,,1,70,,3160,30,,,1,101,,3155,30,,,1,28,,3156,30,,,1,71,,3157,30,,,1
