100000600,'Saturday-30',600,,3170,18,,,1,100,,3171,18,,,1,100,,3172,18,,,1,100,,3173,18,,,1,100,,3174,18,,,1,100,,3175,18,,,1,100,,3176,18,,,1,100,,3177,18,,,1,100,,3178,18,,,1,100,,3179,18,,,1,100,,3180,18,,,1,100,,3181,18,,,1,100,,3182,18,,,1
100000600,'Weekday-29',549,,3191,18,,,1,60,,3188,18,,,1,20,,3192,18,,,1,20,,3187,18,,,1,60,,3184,18,,,1,20,,3194,18,,,1,18,,3183,18,,,1,60,,3197,18,,,1,40,,3201,18,,,1,100,,3195,18,,,1,100,,3186,18,,,1,100,,3205,18,,,1,100,,3196,18,,,1,100,,3206,18,,,1,100,,3193,18,,,1,60,,3198,18,,,1,40,,3204,18,,,1,60,,3203,18,,,1,20,,3199,18,,,1,20,,3202,18,,,1,60,,3189,18,,,1,20,,3185,18,,,1,20,,3200,18,,,1,80,,3190,18,,,1
100000600,'Weekday-32',549,,3216,18,,,1,60,,3213,18,,,1,20,,3217,18,,,1,20,,3212,18,,,1,60,,3209,18,,,1,20,,3218,18,,,1,18,,3208,18,,,1,60,,3221,18,,,1,40,,3222,18,,,1,100,,3219,18,,,1,100,,3211,18,,,1,100,,3224,18,,,1,100,,3220,18,,,1,100,,3229,18,,,1,100,,3225,18,,,1,60,,3226,18,,,1,40,,3223,18,,,1,60,,3230,18,,,1,20,,3227,18,,,1,20,,3207,18,,,1,60,,3214,18,,,1,20,,3210,18,,,1,20,,3228,18,,,1,80,,3215,18,,,1
100000600,'Weekday-33',544,,3245,18,,,1,70,,3246,18,,,1,30,,3243,18,,,1,70,,3239,18,,,1,30,,3244,18,,,1,70,,3240,18,,,1,100,,3241,18,,,1,100,,3248,18,,,1,100,,3242,18,,,1,100,,3249,18,,,1,100,,3237,18,,,1,100,,3247,18,,,1,100,,3238,18,,,1,30,,3233,18,,,1,70,,3234,18,,,1,30,,3231,18,,,1,70,,3235,18,,,1,30,,3232,18,,,1,70,,3236,18,,,1
100001400,'Holiday1-91',622,,3525,5,,,1,100,,3519,5,,,1,100,,3526,5,,,1,100,,3520,5,,,1,100,,3527,5,,,1,100,,3521,5,,,1,100,,3528,5,,,1,100,,3522,5,,,1,100,,3529,5,,,1,100,,3523,5,,,1,100,,3530,5,,,1,100,,3524,5,,,1,100,,3531,5,,,1
100001400,'Saturday-30',616,,3541,5,,,1,100,,3532,5,,,1,100,,3542,5,,,1,100,,3533,5,,,1,100,,3543,5,,,1,100,,3534,5,,,1,100,,3544,5,,,1,100,,3535,5,,,1,100,,3545,5,,,1,100,,3536,5,,,1,100,,3546,5,,,1,100,,3537,5,,,1,100,,3547,5,,,1,100,,3538,5,,,1,100,,3548,5,,,1,100,,3539,5,,,1,100,,3549,5,,,1,100,,3540,5,,,1
100001400,'Sunday-31',622,,3556,5,,,1,100,,3550,5,,,1,100,,3557,5,,,1,100,,3551,5,,,1,100,,3558,5,,,1,100,,3552,5,,,1,100,,3559,5,,,1,100,,3553,5,,,1,100,,3560,5,,,1,100,,3554,5,,,1,100,,3561,5,,,1,100,,3555,5,,,1,100,,3562,5,,,1
100001400,'Weekday-29',530,,3572,5,,,1,20,,3575,5,,,1,60,,3581,5,,,1,20,,3576,5,,,1,20,,3582,5,,,1,60,,3574,5,,,1,21,,3567,5,,,1,20,,3577,5,,,1,60,,3568,5,,,1,40,,3569,5,,,1,70,,3570,5,,,1,100,,3578,5,,,1,100,,3579,5,,,1,100,,3595,5,,,1,100,,3596,5,,,1,100,,3580,5,,,1,91,,3571,5,,,1,23,,3573,5,,,1,16,,3565,5,,,1,60,,3597,5,,,1,20,,3585,5,,,1,20,,3590,5,,,1,60,,3586,5,,,1,20,,3588,5,,,1,20,,3587,5,,,1,60,,3589,5,,,1,20,,3564,5,,,1,20,,3566,5,,,1,61,,3563,5,,,1,19,,3591,5,,,1,69,,3594,5,,,1,31,,3592,5,,,1,100,,3583,5,,,1,100,,3593,5,,,1,100,,3584,5,,,1
100001400,'Weekday-32',530,,3606,5,,,1,20,,3609,5,,,1,60,,3615,5,,,1,20,,3610,5,,,1,20,,3616,5,,,1,60,,3608,5,,,1,21,,3601,5,,,1,20,,3611,5,,,1,60,,3602,5,,,1,40,,3603,5,,,1,70,,3604,5,,,1,100,,3612,5,,,1,100,,3613,5,,,1,100,,3620,5,,,1,100,,3621,5,,,1,100,,3614,5,,,1,91,,3605,5,,,1,23,,3607,5,,,1,16,,3599,5,,,1,60,,3632,5,,,1,20,,3622,5,,,1,20,,3631,5,,,1,60,,3627,5,,,1,20,,3619,5,,,1,20,,3618,5,,,1,60,,3617,5,,,1,20,,3630,5,,,1,20,,3600,5,,,1,61,,3598,5,,,1,19,,3623,5,,,1,69,,3626,5,,,1,31,,3624,5,,,1,100,,3628,5,,,1,100,,3625,5,,,1,100,,3629,5,,,1
100001400,'Weekday-33',545,,3633,5,,,1,70,,3634,5,,,1,30,,3635,5,,,1,70,,3636,5,,,1,30,,3637,5,,,1,70,,3638,5,,,1,100,,3646,5,,,1,100,,3640,5,,,1,100,,3641,5,,,1,100,,3658,5,,,1,100,,3639,5,,,1,100,,3655,5,,,1,100,,3647,5,,,1,30,,3653,5,,,1,70,,3648,5,,,1,30,,3649,5,,,1,70,,3650,5,,,1,30,,3654,5,,,1,70,,3651,5,,,1,27,,3652,5,4,,1,73,,3657,5,,,1,27,,3656,5,4,,1,73,,3642,5,,,1,100,,3644,5,,,1,100,,3643,5,,,1,100,,3645,5,,,1
