100002100,'Weekday-23',1531,,1705,12,,,1,82,,1703,12,,,1,40,,1704,12,,,1,80,,1701,12,,,1,81,,1702,12,,,1
100002100,'Weekday-29',1531,,3793,12,,,1,82,,3791,12,,,1,40,,3792,12,,,1,80,,3789,12,,,1,81,,3790,12,,,1
100002100,'Weekday-32',1531,,3794,12,,,1,82,,3797,12,,,1,40,,3798,12,,,1,80,,3795,12,,,1,81,,3796,12,,,1
100002300,'Weekday-23',1632,,1744,12,,,1,80,,1742,12,,,1,41,,1743,12,,,1
100002300,'Weekday-29',1632,,3832,12,,,1,80,,3830,12,,,1,41,,3831,12,,,1
100002300,'Weekday-32',1632,,3833,12,,,1,80,,3834,12,,,1,41,,3835,12,,,1
100003100,'Saturday-27',549,,1791,9,,,1,100,,1792,9,,,1,100,,1793,9,,,1,100,,1794,9,,,1,100,,1799,9,,,1,100,,1795,9,,,1,100,,1800,9,,,1,100,,1796,9,,,1,100,,1801,9,,,1,100,,1797,9,,,1,100,,1802,9,,,1,100,,1798,9,,,1,100,,1803,9,,,1
100003100,'Saturday-30',549,,3866,9,,,1,100,,3867,9,,,1,100,,3868,9,,,1,100,,3869,9,,,1,100,,3874,9,,,1,100,,3870,9,,,1,100,,3875,9,,,1,100,,3871,9,,,1,100,,3876,9,,,1,100,,3872,9,,,1,100,,3877,9,,,1,100,,3873,9,,,1,100,,3878,9,,,1
100003100,'Weekday-23',712,,1812,9,,,1,119,,1814,9,,,1,97,,1805,9,,,1,100,,1806,9,,,1,100,,1807,9,,,1,100,,1808,9,,,1,102,,1809,9,,,1,100,,1810,9,,,1,20,,1815,9,,,1,76,,1811,9,,,1,26,,1813,9,,,1,282,,1804,9,,,1
100003100,'Weekday-29',712,,3887,9,,,1,119,,3889,9,,,1,97,,3880,9,,,1,100,,3881,9,,,1,100,,3882,9,,,1,100,,3883,9,,,1,102,,3884,9,,,1,100,,3885,9,,,1,20,,3890,9,,,1,76,,3886,9,,,1,26,,3888,9,,,1,282,,3879,9,,,1
100003100,'Weekday-32',712,,3899,9,,,1,119,,3901,9,,,1,97,,3892,9,,,1,100,,3893,9,,,1,100,,3894,9,,,1,100,,3895,9,,,1,102,,3896,9,,,1,100,,3897,9,,,1,20,,3891,9,,,1,76,,3898,9,,,1,26,,3900,9,,,1,282,,3902,9,,,1
100003100,'Weekday-33',652,,3913,9,,,1,71,,3904,9,,,1,30,,3914,9,,,1,70,,3903,9,,,1,28,,3910,9,,,1,100,,3911,9,,,1,100,,3912,9,,,1,100,,3909,9,,,1,100,,3907,9,,,1,102,,3915,9,,,1,100,,3916,9,,,1,100,,3917,9,,,1,69,,3905,9,,,1,33,,3918,9,,,1,68,,3906,9,,,1,30,,3908,9,,,1
