100000901,'Weekday-29',609,,3471,29,,,1,20,,3470,29,,,1,20,,3463,29,,,1,60,,3465,29,,,1,20,,3466,29,,,1,20,,3464,29,,,1,60,,3461,29,,,1,20,,3462,29,,,1,820,,3468,29,,,1,60,,3467,29,,,1,20,,3460,29,,,1,20,,3469,29,,,1
100000901,'Weekday-32',609,,3480,29,,,1,20,,3481,29,,,1,20,,3482,29,,,1,60,,3475,29,,,1,20,,3476,29,,,1,20,,3483,29,,,1,60,,3473,29,,,1,20,,3474,29,,,1,820,,3478,29,,,1,60,,3477,29,,,1,20,,3472,29,,,1,20,,3479,29,,,1
100000901,'Weekday-33',605,,3492,29,,,1,30,,3487,29,,,1,70,,3484,29,,,1,30,,3488,29,,,1,70,,3491,29,,,1,900,,3489,29,,,1,30,,3485,29,,,1,70,,3490,29,,,1,30,,3486,29,,,1
100001201,'Weekday-29',649,,3495,21,,,1,80,,3496,21,,,1,21,,3497,21,,,1,60,,3494,21,,,1,16,,3493,21,,,1
100001201,'Weekday-32',649,,3500,21,,,1,80,,3501,21,,,1,21,,3499,21,,,1,60,,3502,21,,,1,16,,3498,21,,,1
100003201,'Saturday-30',635,,4039,31,,,1,100,,4040,31,,,1,100,,4041,31,,,1,100,,4042,31,,,1,100,,4034,31,,,1,100,,4045,31,,,1,100,,4035,31,,,1,100,,4043,31,,,1,100,,4036,31,,,1,100,,4046,31,,,1,100,,4037,31,,,1,100,,4044,31,,,1,100,,4038,31,,,1
100003201,'Weekday-29',548,,4050,26,,,1,60,,4054,31,,,1,20,,4051,26,,,1,78,,4048,31,,,1,202,,4061,31,,,1,100,,4056,31,,,1,100,,4055,31,,,1,100,,4060,31,,,1,99,,4058,31,,,1,101,,4057,31,,,1,98,,4062,31,,,1,24,,4053,31,,,1,16,,4059,31,,,1,62,,4052,31,,,1
100003201,'Weekday-32',548,,4066,26,,,1,60,,4070,31,,,1,20,,4067,26,,,1,78,,4064,31,,,1,202,,4076,31,,,1,100,,4071,31,,,1,100,,4075,31,,,1,100,,4074,31,,,1,99,,4073,31,,,1,101,,4072,31,,,1,98,,4077,31,,,1,24,,4069,31,,,1,16,,4078,31,,,1,62,,4068,31,,,1
100003201,'Weekday-33',604,,4093,31,,,1,30,,4097,31,,,1,71,,4094,31,,,1,30,,4098,31,,,1,71,,4095,31,,,1,26,,4079,31,,,1,74,,4096,31,,,1,30,,4080,31,,,1,100,,4081,31,,,1,100,,4082,31,,,1,100,,4083,31,,,1,99,,4084,31,,,1,101,,4085,31,,,1,100,,4086,31,,,1,70,,4090,31,,,1,30,,4087,31,,,1,70,,4091,31,,,1,29,,4088,31,,,1,71,,4092,31,,,1,30,,4089,31,,,1
100003301,'Saturday-30',634,,4175,30,,,1,100,,4176,30,,,1,100,,4177,30,,,1,100,,4178,30,,,1,100,,4179,30,,,1,100,,4171,30,,,1,100,,4172,30,,,1,100,,4180,30,,,1,100,,4181,30,,,1,100,,4173,30,,,1,100,,4174,30,,,1,100,,4182,30,,,1,100,,4183,30,,,1
100003301,'Weekday-29',911,,4185,30,,,1,100,,4186,30,,,1,100,,4187,30,,,1,101,,4188,30,,,1,98,,4189,30,,,1,100,,4190,30,,,1,100,,4191,30,,,1,17,,4194,30,,,1,85,,4184,30,,,1
100003301,'Weekday-32',911,,4201,30,,,1,100,,4202,30,,,1,100,,4203,30,,,1,101,,4204,30,,,1,98,,4205,30,,,1,100,,4206,30,,,1,100,,4207,30,,,1,17,,4210,30,,,1,85,,4200,30,,,1
100003301,'Weekday-33',835,,4216,30,,,1,71,,4227,30,,,1,30,,4217,30,,,1,100,,4218,30,,,1,100,,4219,30,,,1,101,,4220,30,,,1,98,,4221,30,,,1,100,,4222,30,,,1,100,,4223,30,,,1,72,,4225,30,,,1,28,,4224,30,,,1
