20501,'Saturday-4',1043,,4577,21,4,,1,100,,4571,21,4,,1,100,,4578,21,4,,1,100,,4574,21,4,,1,100,,4575,21,4,,1,100,,4573,21,4,,1,100,,4579,21,4,,1,100,,4572,21,4,,1,100,,4576,21,4,,1
20501,'Weekday-1',741,,4589,21,4,,1,80,,4588,21,4,,1,97,,4580,21,4,,1,100,,4581,21,4,,1,100,,4582,21,4,,1,100,,4583,21,4,,1,100,,4584,21,4,,1,100,,4585,21,4,,1,99,,4586,21,4,,1,104,,4587,21,4,,1,100,,4591,21,4,,1,82,,4592,21,4,,1,40,,4590,21,4,,1
100000901,'Weekday-1',617,,4928,30,4,,1,20,,4929,30,4,,1,20,,4932,30,4,,1,60,,4922,30,4,,1,20,,4925,30,4,,1,20,,4933,30,4,,1,60,,4923,30,4,,1,20,,4924,30,4,,1,820,,4930,30,4,,1,60,,4926,30,4,,1,20,,4927,30,4,,1,20,,4931,30,4,,1
100001201,'Weekday-1',657,,4937,22,4,,1,80,,4938,22,4,,1,20,,4934,22,4,,1,60,,4936,22,4,,1,20,,4935,22,4,,1
100001300,'Weekday-1',1628,,4946,23,4,,1,20,,4939,23,4,,1,61,,4944,23,4,,1,22,,4940,23,4,,1,20,,4943,23,4,,1,61,,4941,23,4,,1,21,,4945,23,4,,1,15,,4942,23,4,,1
100002101,'Weekday-1',717,,5140,35,4,,1,21,,5139,35,4,,1,19,,5141,35,4,,1
100002200,'Weekday-1',557,,5143,21,4,,1,60,,5146,21,4,,1,20,,5144,21,4,,1,20,,5145,29,4,,1,160,,5142,29,4,,1
100002300,'Weekday-1',1657,,5149,28,4,,1,80,,5147,28,4,,1,80,,5148,28,4,,1
100002401,'Weekday-1',557,,5159,17,4,,1,60,,5160,17,4,,1,20,,5161,17,4,,1,20,,5163,20,4,,1,60,,5153,17,4,,1,20,,5162,20,4,,1,20,,5164,20,4,,1,60,,5158,20,4,,1,820,,5154,20,4,,1,20,,5150,20,4,,1,59,,5155,20,4,,1,21,,5151,20,4,,1,20,,5156,20,4,,1,60,,5152,20,4,,1,20,,5157,20,4,,1
100003101,'Saturday-4',643,,5216,28,4,,1,100,,5217,28,4,,1,100,,5218,28,4,,1,100,,5219,28,4,,1,100,,5224,28,4,,1,100,,5220,28,4,,1,100,,5225,28,4,,1,100,,5221,28,4,,1,100,,5226,28,4,,1,100,,5222,28,4,,1,100,,5227,28,4,,1,100,,5223,29,4,,1,100,,5228,29,4,,1
100003101,'Weekday-1',837,,5237,29,4,,1,81,,5229,29,4,,1,100,,5230,29,4,,1,100,,5231,29,4,,1,100,,5232,29,4,,1,100,,5233,29,4,,1,100,,5234,29,4,,1,100,,5235,29,4,,1,15,,5241,29,4,,1,85,,5236,29,4,,1,100,,5239,29,4,,1,40,,5240,29,4,,1,80,,5238,29,4,,1
100003201,'Saturday-4',643,,5299,32,4,,1,100,,5300,32,4,,1,100,,5301,32,4,,1,100,,5302,32,4,,1,100,,5294,32,4,,1,100,,5305,32,4,,1,100,,5295,32,4,,1,100,,5303,32,4,,1,100,,5296,32,4,,1,100,,5306,32,4,,1,100,,5297,32,4,,1,100,,5304,32,4,,1,100,,5298,32,4,,1
100003201,'Weekday-1',557,,5312,27,4,,1,60,,5315,32,4,,1,20,,5313,27,4,,1,80,,5317,32,4,,1,201,,5316,32,4,,1,100,,5314,32,4,,1,100,,5311,32,4,,1,100,,5308,32,4,,1,100,,5320,32,4,,1,100,,5322,32,4,,1,100,,5319,32,4,,1,20,,5310,32,4,,1,62,,5321,32,4,,1,18,,5307,32,4,,1
100003301,'Saturday-4',643,,5388,31,4,,1,100,,5389,31,4,,1,100,,5390,31,4,,1,100,,5391,31,4,,1,100,,5392,31,4,,1,100,,5384,31,4,,1,100,,5385,31,4,,1,100,,5393,31,4,,1,100,,5394,31,4,,1,100,,5386,31,4,,1,100,,5387,31,4,,1,100,,5395,31,4,,1,100,,5396,31,4,,1
100003301,'Weekday-1',918,,5397,31,4,,1,100,,5398,31,4,,1,100,,5399,31,4,,1,100,,5400,31,4,,1,100,,5401,31,4,,1,100,,5402,31,4,,1,100,,5403,31,4,,1,20,,5410,31,4,,1,80,,5406,31,4,,1
