100000900,'Weekday-23',712,,1341,16,,,1,23,,1340,16,,,1,880,,1346,16,,,1,20,,1344,16,,,1,21,,1338,16,,,1,59,,1347,16,,,1,20,,1345,16,,,1,21,,1339,16,,,1,61,,1343,16,,,1,20,,1342,16,,,1
100000900,'Weekday-29',712,,3439,16,,,1,23,,3438,16,,,1,880,,3444,16,,,1,20,,3442,16,,,1,21,,3436,16,,,1,59,,3445,16,,,1,20,,3443,16,,,1,21,,3437,16,,,1,61,,3441,16,,,1,20,,3440,16,,,1
100000900,'Weekday-32',712,,3455,16,,,1,23,,3448,16,,,1,880,,3453,16,,,1,20,,3451,16,,,1,21,,3446,16,,,1,59,,3454,16,,,1,20,,3452,16,,,1,21,,3447,16,,,1,61,,3450,16,,,1,20,,3449,16,,,1
100000900,'Weekday-33',1626,,3458,16,,,1,30,,3456,16,,,1,70,,3459,16,,,1,30,,3457,16,,,1
100003300,'Saturday-27',653,,2081,16,,,1,100,,2082,16,,,1,100,,2083,16,,,1,100,,2076,16,,,1,100,,2087,16,,,1,100,,2077,16,,,1,100,,2084,16,,,1,100,,2078,16,,,1,100,,2088,16,,,1,100,,2079,16,,,1,100,,2085,16,,,1,100,,2080,16,,,1
100003300,'Saturday-30',653,,4104,16,,,1,100,,4105,16,,,1,100,,4106,16,,,1,100,,4099,16,,,1,100,,4110,16,,,1,100,,4100,16,,,1,100,,4107,16,,,1,100,,4101,16,,,1,100,,4111,16,,,1,100,,4102,16,,,1,100,,4108,16,,,1,100,,4103,16,,,1
100003300,'Weekday-23',704,,2103,16,,,1,43,,2102,16,,,1,85,,2092,16,,,1,101,,2093,16,,,1,100,,2094,16,,,1,101,,2095,16,,,1,97,,2096,16,,,1,100,,2097,16,,,1,100,,2098,16,,,1,20,,2104,16,,,1,78,,2089,16,,,1,26,,2100,16,,,1
100003300,'Weekday-29',704,,4126,16,,,1,43,,4125,16,,,1,85,,4115,16,,,1,101,,4116,16,,,1,100,,4117,16,,,1,101,,4118,16,,,1,97,,4119,16,,,1,100,,4120,16,,,1,100,,4121,16,,,1,20,,4127,16,,,1,78,,4112,16,,,1,26,,4123,16,,,1
100003300,'Weekday-32',704,,4147,16,,,1,43,,4146,16,,,1,85,,4136,16,,,1,101,,4137,16,,,1,100,,4138,16,,,1,101,,4139,16,,,1,97,,4140,16,,,1,100,,4141,16,,,1,100,,4142,16,,,1,20,,4148,16,,,1,78,,4134,16,,,1,26,,4144,16,,,1
100003300,'Weekday-33',654,,4165,16,,,1,71,,4164,16,,,1,75,,4166,16,,,1,24,,4170,16,,,1,32,,4156,16,,,1,100,,4158,16,,,1,100,,4157,16,,,1,101,,4159,16,,,1,97,,4160,16,,,1,100,,4161,16,,,1,100,,4162,16,,,1,102,,4163,16,,,1
