20100,971,1,0
20100,169,2,0
20100,173,3,0
20100,175,4,0
20100,959,5,0
20100,917,6,0
20100,6424,7,0
20100,6297,8,0
20100,6273,9,0
20100,6760,10,0
20100,6488,11,0
20100,6540,12,0
20100,6388,13,0
20100,6272,14,0
20100,5173,15,0
20100,5356,16,0
20100,1716,17,0
20100,1847,18,0
20100,1994,19,0
20100,1951,20,0
20100,1426,21,0
20100,1439,22,0
20100,1123,23,0
20100,1280,24,0
20100,1496,25,0
20100,1120,26,0
20100,1620,27,0
20100,1622,28,0
20100,1903,29,0
20100,1898,30,0
20100,1989,31,0
20100,1797,32,0
20100,1904,33,0
20100,1669,34,0
20100,1947,35,0
20100,1759,36,0
20100,1604,37,0
20100,6227,38,0
20100,6550,39,0
20100,6533,40,0
20100,6226,41,0
20100,6152,42,0
20100,6673,43,0
20100,6161,44,0
20100,6377,45,0
20100,6381,46,0
20100,915,47,0
20100,962,48,0
20100,129,49,1
20200,971,1,0
20200,169,2,0
20200,111,3,0
20200,113,4,0
20200,115,5,0
20200,123,6,0
20200,125,7,0
20200,960,8,0
20200,917,9,0
20200,6424,10,0
20200,6297,11,0
20200,6273,12,0
20200,6760,13,0
20200,6488,14,0
20200,6540,15,0
20200,6388,16,0
20200,6272,17,0
20200,1223,18,0
20200,1631,19,0
20200,1824,20,0
20200,1643,21,0
20200,1035,22,0
20200,1271,23,0
20200,1336,24,0
20200,1246,25,0
20200,1364,26,0
20200,1019,27,0
20200,1477,28,0
20200,1032,29,0
20200,1107,30,0
20200,1533,31,0
20200,1227,32,0
20200,6227,33,0
20200,6550,34,0
20200,6533,35,0
20200,6226,36,0
20200,6152,37,0
20200,6673,38,0
20200,6161,39,0
20200,6377,40,0
20200,6381,41,0
20200,952,42,0
20200,1,43,0
20200,3,44,0
20200,65,45,0
20200,67,46,0
20200,69,47,1
20300,2636,1,0
20300,2882,2,0
20300,2749,3,0
20300,2851,4,0
20300,5206,5,0
20300,1947,6,0
20300,1759,7,0
20300,1604,8,0
20300,6227,9,0
20300,6550,10,0
20300,6533,11,0
20300,6226,12,0
20300,6152,13,0
20300,6673,14,0
20300,6161,15,0
20300,6377,16,0
20300,6381,17,0
20300,915,18,0
20300,957,19,0
20300,962,20,0
20300,129,21,0
20300,971,22,1
20301,971,1,0
20301,169,2,0
20301,173,3,0
20301,175,4,0
20301,957,5,0
20301,919,6,0
20301,6424,7,0
20301,6297,8,0
20301,6273,9,0
20301,6760,10,0
20301,6488,11,0
20301,6540,12,0
20301,6388,13,0
20301,6272,14,0
20301,5173,15,0
20301,5356,16,0
20301,5083,17,0
20301,5211,18,0
20301,2844,19,0
20301,2636,20,1
20500,5011,1,0
20500,55848,2,0
20500,8506,3,0
20500,8742,4,0
20500,8662,5,0
20500,8693,6,0
20500,8882,7,0
20500,8944,8,0
20500,8731,9,0
20500,8936,10,0
20500,8851,11,0
20500,8935,12,0
20500,8686,13,0
20500,8864,14,0
20500,8165,15,0
20500,6196,16,0
20500,6134,17,0
20500,597,18,0
20500,923,19,0
20500,958,20,1
20501,958,1,0
20501,921,2,0
20501,659,3,0
20501,6207,4,0
20501,6188,5,0
20501,8191,6,0
20501,8122,7,0
20501,8483,8,0
20501,8497,9,0
20501,8395,10,0
20501,8861,11,0
20501,8917,12,0
20501,8952,13,0
20501,8765,14,0
20501,8838,15,0
20501,8752,16,0
20501,5794,17,0
20501,5011,18,1
20800,1302,1,0
20800,1794,2,0
20800,1711,3,0
20800,1903,4,0
20800,1898,5,0
20800,1989,6,0
20800,962,7,0
20800,129,8,0
20800,972,9,1
20900,1302,1,0
20900,1794,2,0
20900,1711,3,0
20900,1903,4,0
20900,1898,5,0
20900,1989,6,0
20900,1674,7,0
20900,1227,8,0
20900,962,9,0
20900,129,10,0
20900,971,11,1
20901,971,1,0
20901,169,2,0
20901,173,3,0
20901,175,4,0
20901,960,5,0
20901,917,6,0
20901,1223,7,0
20901,1631,8,0
20901,1824,9,0
20901,1643,10,0
20901,1964,11,0
20901,1941,12,0
20901,1304,13,1
21100,973,1,0
21100,961,2,0
21100,1024,3,0
21100,1280,4,0
21100,1496,5,0
21100,1120,6,0
21100,1620,7,0
21100,1622,8,0
21100,1903,9,0
21100,1898,10,0
21100,1989,11,1
100100,956,1,0
100100,33,2,0
100100,35,3,0
100100,37,4,0
100100,729,5,0
100100,733,6,0
100100,643,7,0
100100,737,8,0
100100,741,9,0
100100,745,10,0
100100,749,11,0
100100,753,12,0
100100,523,13,0
100100,513,14,0
100100,755,15,0
100100,761,16,0
100100,45,17,0
100100,47,18,0
100100,49,19,0
100100,51,20,0
100100,53,21,0
100100,55,22,0
100100,57,23,0
100100,59,24,0
100100,61,25,0
100100,63,26,0
100100,65,27,0
100100,67,28,0
100100,767,29,0
100100,769,30,0
100100,371,31,0
100100,493,32,0
100100,373,33,0
100100,375,34,0
100100,377,35,0
100100,973,36,1
100101,973,1,0
100101,117,2,0
100101,119,3,0
100101,121,4,0
100101,495,5,0
100101,105,6,0
100101,107,7,0
100101,109,8,0
100101,111,9,0
100101,113,10,0
100101,115,11,0
100101,5,12,0
100101,7,13,0
100101,9,14,0
100101,11,15,0
100101,13,16,0
100101,15,17,0
100101,17,18,0
100101,19,19,0
100101,21,20,0
100101,759,21,0
100101,757,22,0
100101,515,23,0
100101,525,24,0
100101,557,25,0
100101,751,26,0
100101,747,27,0
100101,743,28,0
100101,739,29,0
100101,735,30,0
100101,731,31,0
100101,727,32,0
100101,27,33,0
100101,29,34,0
100101,31,35,0
100101,956,36,1
100200,956,1,0
100200,33,2,0
100200,911,3,0
100200,643,4,0
100200,645,5,0
100200,647,6,0
100200,657,7,0
100200,759,8,0
100200,757,9,0
100200,515,10,0
100200,525,11,0
100200,557,12,0
100200,751,13,0
100200,747,14,0
100200,743,15,0
100200,739,16,0
100200,735,17,0
100200,913,18,0
100200,31,19,1
100300,956,1,0
100300,33,2,0
100300,35,3,0
100300,37,4,0
100300,39,5,0
100300,41,6,0
100300,45,7,0
100300,47,8,0
100300,49,9,0
100300,51,10,0
100300,53,11,0
100300,55,12,0
100300,57,13,0
100300,59,14,0
100300,61,15,0
100300,63,16,0
100300,123,17,0
100300,125,18,1
100400,953,1,0
100400,129,2,0
100400,973,3,0
100400,117,4,0
100400,119,5,0
100400,121,6,0
100400,495,7,0
100400,133,8,0
100400,135,9,0
100400,569,10,0
100400,137,11,0
100400,139,12,0
100400,775,13,0
100400,779,14,0
100400,781,15,0
100400,783,16,0
100400,785,17,0
100400,907,18,0
100400,789,19,0
100400,793,20,0
100400,711,21,0
100400,797,22,0
100400,989,23,0
100400,929,24,0
100400,801,25,0
100400,803,26,0
100400,501,27,0
100400,425,28,0
100400,427,29,0
100400,429,30,0
100400,431,31,0
100400,809,32,0
100400,811,33,0
100400,819,34,0
100400,713,35,0
100400,439,36,0
100400,703,37,1
100500,973,1,0
100500,835,2,0
100500,833,3,0
100500,831,4,0
100500,903,5,0
100500,715,6,0
100500,419,7,0
100500,421,8,0
100500,807,9,0
100500,423,10,0
100500,507,11,0
100500,497,12,0
100500,499,13,0
100500,719,14,0
100500,805,15,0
100500,799,16,0
100500,927,17,0
100500,795,18,0
100500,717,19,0
100500,791,20,0
100500,787,21,0
100500,905,22,0
100500,149,23,0
100500,151,24,0
100500,153,25,0
100500,157,26,0
100500,777,27,0
100500,773,28,0
100500,721,29,0
100500,771,30,0
100500,103,31,0
100500,371,32,0
100500,493,33,0
100500,373,34,0
100500,375,35,0
100500,377,36,0
100500,169,37,0
100500,173,38,0
100500,175,39,0
100500,953,40,1
100600,952,1,0
100600,1,2,0
100600,3,3,0
100600,65,4,0
100600,67,5,0
100600,69,6,0
100600,973,7,0
100600,837,8,0
100600,829,9,0
100600,827,10,0
100600,825,11,0
100600,823,12,0
100600,821,13,0
100600,391,14,0
100600,715,15,0
100600,419,16,0
100600,421,17,0
100600,807,18,0
100600,423,19,0
100600,507,20,0
100600,497,21,0
100600,499,22,0
100600,719,23,0
100600,805,24,0
100600,198,25,0
100600,214,26,0
100600,112,27,0
100600,71,28,0
100600,110,29,0
100600,116,30,0
100600,178,31,0
100600,182,32,0
100600,216,33,0
100600,206,34,0
100600,224,35,0
100600,220,36,0
100600,222,37,0
100600,204,38,0
100600,218,39,0
100600,180,40,0
100600,797,41,0
100600,114,42,0
100600,106,43,0
100600,108,44,0
100600,120,45,0
100600,212,46,0
100600,210,47,0
100600,803,48,0
100600,501,49,0
100600,425,50,0
100600,427,51,0
100600,429,52,0
100600,431,53,0
100600,809,54,0
100600,811,55,0
100600,819,56,0
100600,673,57,0
100600,675,58,0
100600,677,59,0
100600,679,60,0
100600,681,61,0
100600,683,62,0
100600,685,63,0
100600,839,64,0
100600,377,65,0
100600,169,66,0
100600,111,67,0
100600,113,68,0
100600,115,69,0
100600,123,70,0
100600,125,71,1
100700,973,1,0
100700,487,2,0
100700,899,3,0
100700,909,4,0
100700,999,5,0
100700,619,6,0
100700,931,7,0
100700,70,8,0
100700,945,9,0
100700,941,10,0
100700,981,11,0
100700,983,12,0
100700,22,13,0
100700,24,14,0
100700,26,15,0
100700,28,16,0
100700,30,17,0
100700,993,18,0
100700,965,19,0
100700,937,20,0
100700,32,21,0
100700,40,22,0
100700,34,23,0
100700,36,24,0
100700,38,25,0
100700,939,26,0
100700,695,27,0
100700,633,28,0
100700,397,29,0
100700,399,30,0
100700,489,31,0
100700,169,32,0
100700,173,33,0
100700,175,34,0
100700,959,35,1
100800,962,1,0
100800,129,2,0
100800,973,3,0
100800,689,4,0
100800,691,5,0
100800,693,6,0
100800,619,7,0
100800,931,8,0
100800,687,9,0
100800,2,10,0
100800,4,11,0
100800,6,12,0
100800,8,13,0
100800,10,14,0
100800,12,15,0
100800,849,16,0
100800,14,17,0
100800,991,18,0
100800,16,19,0
100800,118,20,0
100800,18,21,0
100800,20,22,0
100800,723,23,0
100800,843,24,0
100800,935,25,0
100800,943,26,0
100800,947,27,0
100800,695,28,0
100800,633,29,0
100800,663,30,0
100800,665,31,0
100800,505,32,0
100800,611,33,0
100800,439,34,0
100800,703,35,1
100900,955,1,0
100900,599,2,0
100900,195,3,0
100900,197,4,0
100900,199,5,0
100900,201,6,0
100900,203,7,0
100900,205,8,0
100900,207,9,0
100900,209,10,0
100900,211,11,0
100900,213,12,0
100900,891,13,0
100900,291,14,0
100900,585,15,0
100900,581,16,0
100900,579,17,0
100900,995,18,0
100900,42,19,0
100900,46,20,0
100900,48,21,0
100900,50,22,0
100900,52,23,0
100900,54,24,0
100900,857,25,0
100900,859,26,0
100900,861,27,0
100900,987,28,0
100900,863,29,0
100900,865,30,0
100900,867,31,0
100900,869,32,0
100900,229,33,0
100900,617,34,0
100900,231,35,0
100900,233,36,0
100900,235,37,0
100900,237,38,0
100900,239,39,0
100900,972,40,1
100901,972,1,0
100901,241,2,0
100901,243,3,0
100901,245,4,0
100901,247,5,0
100901,249,6,0
100901,251,7,0
100901,385,8,0
100901,387,9,0
100901,363,10,0
100901,855,11,0
100901,459,12,0
100901,461,13,0
100901,463,14,0
100901,465,15,0
100901,467,16,0
100901,56,17,0
100901,58,18,0
100901,60,19,0
100901,62,20,0
100901,64,21,0
100901,66,22,0
100901,997,23,0
100901,473,24,0
100901,583,25,0
100901,593,26,0
100901,351,27,0
100901,893,28,0
100901,267,29,0
100901,271,30,0
100901,273,31,0
100901,275,32,0
100901,651,33,0
100901,277,34,0
100901,279,35,0
100901,281,36,0
100901,283,37,0
100901,285,38,0
100901,955,39,1
101000,955,1,0
101000,599,2,0
101000,195,3,0
101000,197,4,0
101000,199,5,0
101000,201,6,0
101000,203,7,0
101000,205,8,0
101000,207,9,0
101000,209,10,0
101000,211,11,0
101000,213,12,0
101000,215,13,0
101000,895,14,0
101000,219,15,0
101000,221,16,0
101000,223,17,0
101000,901,18,0
101000,571,19,0
101000,997,20,0
101000,473,21,0
101000,583,22,0
101000,593,23,0
101000,351,24,0
101000,893,25,0
101000,267,26,0
101000,271,27,0
101000,273,28,0
101000,275,29,0
101000,651,30,0
101000,277,31,0
101000,279,32,0
101000,281,33,0
101000,283,34,0
101000,285,35,1
101100,954,1,0
101100,323,2,0
101100,325,3,0
101100,407,4,0
101100,327,5,0
101100,329,6,0
101100,331,7,0
101100,333,8,0
101100,335,9,0
101100,887,10,0
101100,299,11,0
101100,301,12,0
101100,303,13,0
101100,305,14,0
101100,603,15,0
101100,307,16,0
101100,883,17,0
101100,881,18,0
101100,877,19,0
101100,873,20,0
101100,225,21,0
101100,411,22,0
101100,227,23,0
101100,229,24,0
101100,635,25,0
101100,257,26,0
101100,259,27,0
101100,261,28,0
101100,897,29,0
101100,275,30,0
101100,587,31,0
101100,353,32,0
101100,765,33,0
101100,69,34,0
101100,972,35,1
101101,972,1,0
101101,169,2,0
101101,763,3,0
101101,609,4,0
101101,289,5,0
101101,203,6,0
101101,895,7,0
101101,219,8,0
101101,221,9,0
101101,223,10,0
101101,251,11,0
101101,385,12,0
101101,255,13,0
101101,871,14,0
101101,473,15,0
101101,875,16,0
101101,879,17,0
101101,885,18,0
101101,339,19,0
101101,613,20,0
101101,341,21,0
101101,343,22,0
101101,345,23,0
101101,889,24,0
101101,311,25,0
101101,313,26,0
101101,315,27,0
101101,317,28,0
101101,319,29,0
101101,409,30,0
101101,321,31,0
101101,285,32,0
101101,954,33,1
101200,954,1,0
101200,323,2,0
101200,325,3,0
101200,407,4,0
101200,327,5,0
101200,329,6,0
101200,331,7,0
101200,333,8,0
101200,335,9,0
101200,337,10,0
101200,885,11,0
101200,339,12,0
101200,613,13,0
101200,104,14,0
101200,208,15,0
101200,705,16,0
101200,933,17,0
101200,301,18,0
101200,303,19,0
101200,305,20,0
101200,603,21,0
101200,307,22,0
101200,309,23,0
101200,889,24,0
101200,311,25,0
101200,313,26,0
101200,315,27,0
101200,317,28,0
101200,319,29,0
101200,409,30,0
101200,321,31,0
101200,285,32,1
101300,954,1,0
101300,323,2,0
101300,325,3,0
101300,407,4,0
101300,327,5,0
101300,329,6,0
101300,331,7,0
101300,333,8,0
101300,335,9,0
101300,337,10,0
101300,885,11,0
101300,339,12,0
101300,575,13,0
101300,573,14,0
101300,863,15,0
101300,365,16,0
101300,367,17,0
101300,389,18,0
101300,255,19,0
101300,901,20,0
101300,571,21,0
101300,577,22,0
101300,307,23,0
101300,309,24,0
101300,889,25,0
101300,311,26,0
101300,313,27,0
101300,315,28,0
101300,317,29,0
101300,319,30,0
101300,409,31,0
101300,321,32,0
101300,285,33,1
101400,250,1,0
101400,246,2,0
101400,925,3,0
101400,68,4,0
101400,435,5,0
101400,847,6,0
101400,505,7,0
101400,611,8,0
101400,439,9,0
101400,703,10,0
101400,971,11,0
101400,169,12,0
101400,111,13,0
101400,113,14,0
101400,115,15,0
101400,123,16,0
101400,125,17,0
101400,951,18,0
101400,1,19,0
101400,3,20,0
101400,65,21,0
101400,67,22,0
101400,69,23,0
101400,974,24,0
101400,487,25,0
101400,899,26,0
101400,909,27,0
101400,667,28,0
101400,669,29,0
101400,671,30,0
101400,841,31,1
102100,252,1,0
102100,258,2,0
102100,86,3,0
102100,88,4,0
102100,90,5,0
102100,92,6,0
102100,94,7,0
102100,96,8,0
102100,98,9,0
102100,100,10,0
102100,67,11,0
102100,763,12,0
102100,115,13,0
102100,123,14,0
102100,125,15,0
102100,953,16,0
102100,1,17,0
102100,3,18,0
102100,65,19,0
102100,765,20,0
102100,111,21,0
102100,113,22,0
102100,72,23,0
102100,74,24,0
102100,76,25,0
102100,78,26,0
102100,80,27,0
102100,82,28,0
102100,228,29,1
200100,252,1,0
200100,765,2,0
200100,971,3,0
200100,226,4,1
200101,226,1,0
200101,971,2,0
200101,763,3,0
200101,228,4,0
200101,252,5,1
600100,971,1,0
600100,763,2,1
600101,763,1,0
600101,971,2,1
